user_id,recommended_items
649899,1460472 1977043 2168153 2734772 284353
2457606,47655 33850 1719941 528799 1451333
917512,
1572873,2002916 284353 2416855 928466 39007
2118999,
557075,
1867798,69374 130881 1421619 1109066 1940891
2228247,62689 1907574 971889 1487966 2433725
1015833,
2523162,2221194 2421285 2028380 2261071 682920
2228252,
2129952,1722698 2177883 1674635 15530 2017516
2064422,2582353 82593 306719 2634975 1392594
1015853,2396545 387155 123967 11102 1839454
819246,2329004 2533826 921826 284353 2705505
65592,2613379 1822791 2675572 1986459 2062431
1135967,
2555970,
1998915,2198329
2523205,2552998 882042 1913384 1142853 659035
1245256,2533472 1998402 566734 1061978 1851369
507916,874791 1030678 37560 818658 834672
950348,1750341 1481381 1230754 1353854 500332
1802317,
1409116,
2785373,2612072 1380417 938781 2587035 1636420
491623,2472703 1952332 2152945 829419 1038282
2195561,
229494,
1343611,2417177 1428631 1457851 659576 2057496
1758570,
2818185,717098 288224 204306 2532514 2674953
1343511,1688403 2717751 380438 1269484 775024
2097299,
2949270,1685492 617545 1283857 1726467 2473129
98458,562902 1880819 2342842 2351826 331979
2583237,784932 2479895 2350537 885519 809761
2654369,
1278116,2103262 1828156 2664930 1578573 1913384
2687142,2193209 1460472 1282647 1675248 1258829
1999016,998718 1000928 629031 128261 577286
2719913,650888 1973142 516074 271403 2562157
983217,
786611,
51289,231791 51282 1527921 2523005 751617
524472,
458938,
2042570,
1605822,2655087 966353 1924084 2445426 221779
1540289,827359 332354 526921 146360 251241
2785474,
2097352,
2425035,
1278158,
1114324,
131287,2408753 2541195 2193695 1898363 1732727
1945492,
2556124,
1212640,
786660,
1147109,2437618 198488 296184 560813 1104325
2916582,
1376488,
2195691,
196851,
1245430,
524537,2085851 1823782 2153072 2223940 262976
2490619,
557309,332354 2626501 146360 98877 826341
2195710,461312 2050517 2351020 1493899 1260412
655618,1549050 1401824 2404023 2713637 1583240
573483,
2774402,2800247 2814202 195056 2119105 993566
1278222,1149576 1863715 2554043 739956 1740931
950545,1443594 2771833 1674804 1810275 1950272
2626947,463752 821591 1274284 996462 573265
2949396,
688409,1008205 1364714 73367 2054734 2080046
1736986,
2195739,2830746 649764 1234855 1548666 2408426
2392348,2085818 1585505 2417177 2136691 2610539
285,1291238 561002 222349 1056976 1430845
164126,
1048864,2285645 1671020 831128 1741997 1597505
753954,
2195748,2485517 895510 638508 470577 1717876
2457894,1365946 1903197 2729468 2770753 1925211
1179947,723903 2503552 2476034 804412 1849185
2326830,
1671472,577455 2221194 2421285 2157105 2253516
1737011,2103262 1842872 2139229 510425 567364
753975,
2359612,
2064702,716358 1581129 2504735 2742297 1884600
852293,
131400,2386676 1526889 2632498 44064 2261071
360777,2380245 1797599 1778564 1778869 2756594
295245,1531632 2824967 1066895 1184658 2192287
295246,1155321 1732682 89869 1973142 1274885
2621776,130881 1421619 1536294 2756594 2427641
1737046,2532134 1619914 2787212 2249862 926099
1507675,
196956,
1802591,
2359649,2142416 1967437 926913 1961885 1258860
2457956,
2982245,2659474 2579095 885470 827603 1285230
1311084,
1016175,2433598 1903428 714305 1250788 831022
2556276,
1114485,577455 902953 633284 1993307 1774758
1835382,
644500,
622970,187867 1225718 2293401 1983248 285686
2654590,1686594 2815409 2462782 2141209 1348916
2261375,918934 1066967 2761844 1729781 2173405
2916741,
1311110,449489 2720192 1387196 650875 1223484
2228616,
158445,
2588739,42 132342 629432 2639891 2631931
786836,
2891508,1507414 1420072 2504364 2681393 2173188
1704346,
98716,
2589086,
1474991,622978 2487780 760311 747731 492001
1442226,
360883,
1212853,1432887 2213671 93389 2167217 2415900
1507769,
2656669,
1311166,
1769923,
1501942,1700354 1473683 1615899 395066 408367
1016264,2202068 1131332 989469 1911159 2704346
197066,
1475020,680809 2313266 2196463 1367672 2750891
2463138,
2304761,
983512,
2785757,
2080848,
2654694,2429451 1814824 2628073 291888 600761
590311,
852457,2258782 35717 2572745 1391853 893555
295406,1962463 2463867 1689155 1220826 650007
950769,688850 1814824 2628073 2215089 577455
2458100,
2884089,69374 2809811 1460472 354117 291222
2687488,
360961,1598243 22316 1882173 2629858 1417177
2490886,
2818573,
516541,
2687516,349952 2321168 2640772 1126944 770912
2130462,478590 702915 2575559 1444980 2759803
551685,199255 2012219 1442957 1179808 1222900
1278496,2162855 1261235 2497790 306709 1052343
2163234,
33317,
1475110,1130577 2622527 1362521 403495 1455015
262695,1058968 535118 1754621 1914315 2262731
1081897,
1901099,398222 1014741 886874 1204286 2797996
1180204,818118 1970355 1306144 757668 941893
950829,128834 1152591 1068127 1973142 25855
2327087,
655921,1422111 525772 244688 1886755 640665
950839,1965582 678239 821680 266906 811929
1835576,
754239,
2359875,2690077 1349553 649764 859826 1655469
983622,2532134 964121 1619914 1165330 2537098
1895181,513393 1488043 1058968 705631 2369484
328272,
590418,
950877,123523 1050950 414122 2475968 2408595
2490975,
1606241,738056 2817623 1481147 369761 2352493
2720354,
819816,1739321 2594174 550765 127309 2612491
197225,723903 2503552 1810770 426490 654002
2097255,1931070 1847429 1879987 474886 2162417
1442412,
1081966,
721521,526921 1630247 2234525 1063561 2062740
2468627,
1868408,2309600 2136533 2724925 2301068 599835
1868414,332354 146360 1929210 360854 827359
2523775,1581129 2612491 2437618 331979 852283
754305,1491560 2107376 2183178 2312255 2464585
1016456,2081003 1360999 26313 1655469 859826
1573513,
524938,
2622091,
1720429,1150432 1534260 1402823 777092 1811988
688784,1406412 351350 2082120 346554 2384647
2509621,
164502,
1344161,
1180323,1149672 1530931 653009 2316673 268677
1082020,1581129 2427641 659702 2504735 1894967
1671849,110632 832422 1667102 157778 1551685
688811,1719941 2039324 1646170 1724586 1776931
1387293,
918202,2562353 2047549 2129994 2581171 1524408
2556605,
492223,69374 2002916 2427641 659702 2066746
1671873,596909 2212459 270463 1050660 2117601
426693,1231082 2222122 340064 61981 1646416
1409744,2433598 2729468 211071 1289641 2365471
33492,2718724 252547 693498 2359303 2753633
1261689,1506339 745580 2590784 1679815 1892102
2261720,
983769,92186 1053187 745056 529771 2466176
1365455,1919447 1157444 1082339 437600 2165703
1901280,2305910 2341508 1847452 2736706 2023995
623334,2524332 1911323 696194 383917 1936517
656106,
295664,288746 331979 1931070 1536294 2410041
2032371,154567 1109112 2319941 1087132 2252146
951034,
2360062,
131843,2215089 2005001 1710671 2662405 2427641
489943,
197384,2123478 379473 1128771 703845 201247
1321772,1231082 2222122 340064 2329004 2533826
1639181,
590606,
2687759,885898 219607 190415 1878571 1797245
33552,
1934102,2083515 1460472 1510740 1258829 1675248
1901337,1969023 1763335 1397388 302820 916637
1770268,2753877 1420570 2206055 138552 691266
2364891,
131876,2427641 659702 2353151 2739498 2770753
99109,2248711 1007911 2038867 1362351 388178
1213223,2801716 2622527 1362521 614525 2482970
197417,
600882,
38365,
2884400,
2687795,
1114249,1384135 2632033 466558 1531941 979124
1573691,2339141 78169 2501833 109900 2038364
918341,
426823,
295757,225481 1334310 2428318 1563837 2489903
1344334,1528850 2326442 1918553 1263525 1032911
2884434,
99155,
289593,94000 2371871 2770753 1409968 917640
885596,1019671 1492724 1835008 98911 639954
1540961,
1475426,524654 1697948 1534119 59759 1157964
1934185,
394093,1264055 1249417 580847 1234730 2302132
1868655,
2982768,310986 1597166 1924180 1439298 1690058
1508209,
2326675,
2222910,393200 2355206 284353 3636 2073370
2294647,
754555,69374 98877 2626501 1216189 2566422
2425727,594836 2364757 2619359 2735013 2481409
197510,1496446 1638990 2734753 2062254 2193500
99208,1974790 831728 959767 2288068 1965582
1835913,
2720651,2544959 2019284 1563657 760863 8498
2884493,
1966992,
1311633,2056418 600761 1418055 2831963 77341
1049490,1339242 2529771 1188791 503402 1144776
1901461,167321 1795022 1861354 84711 134909
2720663,2743518 1698195 2124239 1374428 1920441
1082264,1433892 2598385 1433734 512480 534448
1180569,2437618 478590 30822 2431341 684050
1868700,
263073,2809811 2148259 291222 1580637 818118
1344419,1580873 1385922 541220 694476 434644
2065317,289308 1895188 2502714 1302725 1000903
33704,2249862 322374 2541225 2182959 331979
459689,487162 2329851 1720349 2123603 1619914
1573803,
2659827,
948,
1606582,
1999799,
1246138,825136 661168 142662 1750890 2454381
394177,2329851 1720349 2123603 1292636 1619914
2982855,420164 1406990 1991718 1359642 391597
197576,1988516 164535 32428 1650710 202934
1967052,
328657,613697 332354 146360 1886755 827359
617294,729673 2274006 1821771 1448905 2004115
1737688,
1901531,2223467 1687167 29534 2420038 2122050
1016798,
230369,
1475555,1938959 1566544 2382138 2439228 74956
752913,
525294,594728 303307 495570 390198 1444980
1005053,1007987 131258 779598 1195327 806522
1704945,846674 2581711 1225606 520869 10414
1082354,
2229235,
1508340,
1049595,
295936,
1868803,647579 109335 84155 1944773 1502241
2622476,920523 984543 847682 904325 2012942
2982929,2380245 470263 1810770 400506 843291
1541143,
66592,
606385,1365946 2467645 2182680 1622238 164535
2589736,
2130986,
1377323,
328748,2438736 2321445 1060184 316047
1868848,
295986,
1442875,
1794945,2144083 1847429 1304584 567958 2178845
132162,973444 683065 2075071 2640230 2236464
1967175,
775692,1513070 2120398 486592 2144083 955771
853069,
2524252,2089732 1759421 409814 1862428 935484
1147066,
984164,1103085 366335 1051054 2537927 1907537
87569,
1115240,2349522 1519579 2233075 862005 833986
1016942,
263279,
1541234,120857 1448393 279921 1091253 2481053
1180789,
2262134,
427127,
2163832,1355799 740947 226246 725280 2447834
1737851,2658601 1493551 497626 34102 1110964
732010,829419 1038282 705631 283312 681222
1803391,45070 1048718 2144871 2230405 1323462
1049735,2261071 2503552 1805754 1222309 2371771
2262154,
2032779,
656524,2329851 2612491 1720349 2123603 1521919
263309,1809847 359711 487302 1970592 1463490
1836177,691858 12033 285340 2073713 628588
1148050,
2000021,279921 1448393 415852
1115287,1162243 643651 1105508 1350182 2294494
1442969,
1183,
2032801,1309260 412007 1023397 738730 1216106
263330,137558 900579 2416668 2157916 408692
2098339,
2491560,2761397 1638662 2742523 2722870 1365590
2458793,359531 2255935 1189063 1720554 202726
2753713,2798594 2574151 1374017 487356 883981
2196661,1761976 1940891 395066 1685492 2383862
459959,1263984 1155083 1014815 2086252 2054458
984248,642024 1621589 1658400 1993735 242519
1705148,837013 379362 986762 1162890 1329862
1410238,
2163907,
918730,1216189 2566422 2668801 2383862 2581364
132303,2215089 2827076 2416814 2012942 904325
1180881,
1869011,
1508566,2675667 2783316 1906102 2383862 433109
2327767,411934 105683 1733744 2281436 1734799
1541336,2427641 659702 132342 2353151 42
2098399,2416855 928466 2283577 2379193 1278418
165095,2699501 2338086 449066 249024 1170835
296171,747731 2803305 1902690 2724887 2015911
1443052,
1562152,
1605844,
1049850,
754939,1345401 1083410 5434 33182 1292726
2819326,277773 1139628 527049 1920040 2726674
1246464,704353 1627089 1900102 1775235 1682330
1194830,
1017093,
1286,
1639688,2493452 1674959 786389 1908784 2539325
2131213,
99598,
1901840,
460050,
2131219,
1443094,
525591,553776 1009009 2411425 2138700 2563293
296216,
2000157,
754981,1389841 1475433 131739 2360755 1195796
1639721,
2721066,1835762 1134354 1757301 799646 2129751
2262322,
2065715,2248913 1946600 1444980 2464314 2084696
2524468,2523215 2770740 2579224 2409745 1168559
1115445,
558390,2213891 2693742 1092215 243360 2398403
551817,
2065720,2085877 2412141 1297972 932264 284353
623936,2433598 2729468 2599152 907239 1731744
1869122,827359 1194992 266712 324604 1423661
2917705,
2786634,797894 1408432 1331254 295672 597443
1770827,
830349,2421094 1491560 2107376 2183178 2312255
2721107,
1443159,173225 213242 1720089 2589758 2427014
66908,
2655583,
427362,
263526,2421285 2221194 1221284 239167 1725761
2288529,288746 1931070 2563293 1536294 225473
1967466,
1312111,2416855 928466 1161532 74901 2379193
1802472,
820594,2585299 1593507 2753358 2752411 1591977
591219,126139 1635529 1535415 451561 2429760
1316416,
427394,251241 815171 687716 1506441 1492724
1803651,811602 254103 2157105 2028380 1598605
2196869,2412666 743906 86634 2507799 282676
333377,815171 1538720 2149566 2036120 503253
1541513,
2524557,2137991 1846286 1070667 1951497 751443
1050009,2779760 2827155 1761356 1826815 1765000
1607069,2427641 659702 1396189 2353151 908093
2983329,
1181090,98877 1581129 1444980 826341 2504735
99751,2726566 129513 886018 579600 117788
2098604,1903428 133320 678214 2693019 1989104
2491821,490073 1317201 1130570 1841312 1702829
946058,
394673,1258802 2670799 984695 2140281 619367
2360761,69374 2427641 659702 1940891 2144083
846751,
1279420,1484441 750670 2808726 698270 692613
2131391,
276105,2820292 2052938 2339141 513765 1142057
2917833,
2590154,
1902029,1732856 830923 284353 1023332 2647727
1902031,2809811 2215089 130881 1421619 1797599
1213904,423044 141556 1216277 2674163 917640
2491857,
394712,
2557402,1732970 1163496 1696399 2641750 583288
2852317,1748906 462972 887680 1926741 1036699
894076,
1508833,65398 1789903 2302955 284353 97234
1509,
2229735,2827076 183990 2187653 346018 2111438
558568,2532134 56945 1309258 2786226 1418055
2108327,
2983407,
2033137,
853494,2552998 2219806 73230 2627861 2048559
2393602,
2655748,
394757,2142416 2347347 1908154 1168858 238156
2393606,
1181192,2344827 1032155 2231662 885898 1852965
1902090,490073 1317201 1130570 1630484 1648877
591372,
1148430,
1705488,82041 1635776 119455 683065 212497
624149,624796 981521 1944771 920377 2380368
198166,2446512 2619816 1112060 724912 1020657
198174,
2885155,336191 2698033 1689686 956384 1187274
1738282,2215089 2005001 1710671 815171 1488125
1312300,
1115693,601337 1370250 1591743 1803671 1179808
2786863,
2688561,129506 628537 1506339 1753218 1917838
2623027,899038 2655087 247896 1823972 540178
1508916,
1869369,1481120 1153927 1752119 672651 1350836
2426426,2654853 1887242 2439949 2167446 1701423
2459195,1448056 2796406 2174583 1142815 17857
2000444,1498107 2135977 2820626 56248 2304553
329280,463752 2728977 217401 2529247 1871595
122260,
624206,2503633 971719 1771554 2169927 2184959
1541713,
2000468,2336366 1492724 1676768 402229 998540
420793,916492 2209198 2467686 549242 329851
1771096,
2262624,
1279587,1179808 849041 1304507 1767548 842874
67173,1043254 1018200 2567 2710356 473936
2950759,
820841,719754 134383 397622 722493 800980
2426728,882365 400699 235930 1402268 2396305
329334,
1081620,2402578 1761310 2162196 498131 2822580
99972,684533 2685269 2093438 2671360 1785090
657029,2082511 2678944 2121292 1058594 1776971
2262669,
2524817,
2983574,
1214104,490073 1317201 1130570 1940101 1713399
2983580,
2492064,130881 1421619 2543692 1581129 1020159
1967781,2602013 1193802 1016347 410738 1453382
460454,
296616,2068573 2353005 1598367 1042804 2169654
82204,332171 533323 1841803 775446 1894967
2197164,130881 61714 1849168 1421619 1540852
1016093,
2033331,
1736990,
2819768,1737286 703357 1173448 2269497 573265
1115833,
2197181,615250 1121327 243963 471614 1353990
2918079,1974790 831728 626960 959767 2288068
2097440,2085139 657874 2028351 2135943 119341
644865,332354 1698617 2582353 1861596 1648020
853701,2706615 339464 2695470 222349 202355
2623177,
916607,2068319 2642873 2789725 1785696 1627267
1209030,203014 1105432 2215089 2005001 1710671
362196,
1083094,1498107 2002916 2377550 284353 2416855
263902,
2557666,2215089 70482 331979 2005001 1710671
1246957,1754843 312742 573297 1491634 2753710
2197231,765369
1776,1523947 2408413 2340225 64262 1330062
2098929,1194992 1423661 738730 273768 2121717
231154,
2075603,
591605,
263933,66422 2515017 343696 1372964 351350
1771263,2069038 1765673 2327551 1409364 832223
984837,1264055 1748906 1256190 509645 2189673
2524935,580625 1356012 2765605 2638765 2030517
1279754,
657163,1149201 1559869 766443 470070 1541610
1509138,716358 1918612 1188967 1009009 812691
2557721,
67354,1273362 1693320 1876667 1156721 2115873
198427,1863730 2049465 1171113 866585 414143
2623274,
1869614,
2026461,
657202,1142498 132222 913765 1685930 1619914
2361142,
2656062,
792203,
1738565,2235284 1033736 333909 989787 623697
984904,
1247069,
2492254,
2754405,2059366 600048 2400294 2054431 2437306
2131815,
558952,2808958 234792 2266576 2029964 2642267
755563,2063661 1560579 1850016 1729786 1476216
264045,
573757,
1607536,
2557812,583852 199041 859458 1585059 33995
2131832,
1497094,
362363,
2361212,1933345 1949839 896940 892823 2482754
2819965,449489 2758493 1993307 2650915 2532600
821129,2798594 99241 622747 2574151 2602013
1279885,
558995,
919444,
2328470,2552998 1142853 1045194 1931189 1138831
2656157,
1179973,1910127 1386259 1503563 2751440 1197175
2066351,453808 1510740 1364519 2213651 2038537
852296,349458 1666903 1118007 1101912 2494730
133042,
2099125,2106461 1582285 1419308 2703249 2789725
1836982,176115 1260660 2619377 529645 952363
1148856,
985022,
1509317,1180692 1914829 1892360 750349 2459946
1837000,
1148873,1426108 1685183 1402268 327227 1213029
2688970,2198479 1906102 2305349 1408432 2028351
853985,601337 1370250 1002289 668310 2024438
362469,395066 456536 540720 674791 2088312
231398,492792 2693107 1396189 203212 1633613
1851730,
886767,
690161,
1935348,2787212 2609142 2332738 2532332 316152
2763774,
513705,
2263034,
1181691,2655087 284353 2225628 1890945 2038595
2099202,1581129 1580300 2787212 2504735 913507
2066435,
1050630,
2408791,1904531 2376238 1490958 36642 2686203
2780162,
1181713,2597064 204700 516074 1062435 1697494
854042,1308284 637761 1204198 1205625 2651059
1607709,1918814 2412141 788066 2785280 600761
722980,1582687 714611 2634667 84276 46364
100399,2131964 1697116 1036651 1001225 544810
329778,645633 2313494 1772306
1103539,358534 1648453 2758493 393793 1146214
2328629,
2430644,
1835359,
788545,
2132037,128834 1512759 2329851 1720349 2123603
1509447,
67659,
278882,
1607761,103979 2129217 693281 17120 1921103
1640532,
624725,
690262,
821339,1032155 2231662 2430113 2381452 474886
1443934,752182 2818255 1452434 184768 100398
297057,2581364 2427641 659702 598628 2177516
2452497,359183 1165366 1857411 609311 78240
1476726,2506331 1863699 2164883 2336912 159834
1738871,
67705,
2132091,1940891 2214932 2062738 2284627 306331
755837,
690305,
2590855,2727995 1819905 37998 1055304 1103463
1902730,
2255895,2061398 601601 127901 1223665 2637850
2918551,1849168 2142188 1667102 157778 1551685
1935512,
231578,
166047,
624804,
2656421,
67752,
100521,358534 1648453 829162 750089 2822580
559275,224644 1461031 211980 1640333 2618468
297133,2088312 2427641 659702 2605163 456536
493745,1775817 2773746 2459278 52391 2424145
362675,2338921 2787212 2249862 2144083 705631
917876,1245397 486592 2565930 1708604 632304
1542351,
2787540,
821461,
1759778,2093746 2487214 2022323 949736 148365
2230488,2593483
202447,
1870046,798560 1538540 1369814 143964 30850
1575137,
1673442,
2394343,1574776 98877 1778564 1778869 2756594
1640680,
231659,
723180,716358 1818133 2066452 75638 320385
972498,288746 408692 1931070 1536294 77061
2918641,
854259,1109066 98877 826341 2662405 2541195
723188,1282647 1900633 1306144 1970355 757668
2787573,
1476855,1529117 1563844 2494334 1771645 616190
1378555,2809811 591618 2148259 291222 1580637
1313020,
2558207,
264452,1362154 1528592 1729786 1476216 2541448
2394373,
1345801,620329 1327156 1636919 2436674 2649263
2296077,
2361622,1973142 89869 305831 1376073 460678
231710,
1748016,
985392,
35125,1200571 2267552 525184 2066452 982564
1575224,
2763828,
1247547,767284 2148366 1047538 210507 1249417
2459971,
919876,
1050949,
2263366,
395593,1853488 1775401 2781280 1813135 2403024
1182028,
2427218,
1018197,653464 2416668 2157916 284626 993566
395610,
1411419,601601 127901 2637850 752612 2794337
1780794,2775103 1852965 73920 1200219 489390
2591070,1023427 1627994 2110130 202934 1136243
1608034,2542103 2257061 1943499 1251554 1412758
67939,
1509735,103979 499774 66796 1479988 1426983
133480,1157146 629547 1987689 2164477 1740931
661223,
1313132,559731 856083 959636 1653222 1071606
2427249,74605 1298065 993491 250918 1307191
1935734,
2001276,
2230653,959767 2288068 2093746 1826292 1661665
592254,935144 812812 1611143 2535303 133747
2099585,2809811 797894 291222 1580637 56861
723331,
1575301,
166280,75638 108752 160278 2704211 2483571
2492809,
1149327,
756112,
475544,1282855 678312 2674261 312742 573297
734412,
2591126,
360858,2787212 2249862 2144083 705631 182576
1640866,1256155 2561854 655997 1786895 2698528
1608100,
1542567,
756136,1809073 409980 2665234 2649739 1765048
1343900,283949 2130582 1009009 2239681 381857
854443,599274 2163442 746557 183519 863748
2099633,2793443 716358 1884600 1879987 2310787
2132402,2304553 860567 2349262 1216277 578064
1169139,437801 1614004 1810185 481439 2211167
2853305,
2132410,1418055 1379089 2143490 338246 88495
2853307,
494012,
461250,
100803,335098 341204 2739970 926913 2562353
2081185,
2525645,1633613 108752 808288 2450753 2050845
723409,303307 1988592 2304553 996962 244916
2820568,942743 1097131 1187282 2567352 560297
1075938,
2627322,1832855 1732492 766060 512681 39704
395748,723976 160223 1570184 427503 382646
526825,1685207 1735341 1775817 63705 770912
494059,1196414 498131 82740 2080964 2050845
428525,
490002,
2066932,1094985 805141 1775817 1732856 63705
2427381,
1411584,1032155 2231662 2430113 2142188 2381452
1870342,1109066 1923877 2072104 921278 714833
363015,
2361865,
1870348,
2525709,69374 2215089 120857 2005001 1710671
297491,
2984468,
952854,2326144 2126757 235930 1594543 1219513
461341,485625 932464 1072031 2000701 2329851
2853410,1313689 1568323 1164635 874109 1119494
1542692,
2296357,
2239580,
2000128,24572 2040812 1033069 447927 513644
2665565,
2460210,154578 1672746 2624676 951170 2464314
2787897,2215089 2005001 1710671 1062046 656496
1366182,
1247808,1747004 1016960 2112947 285818 1008639
2198092,
2230864,802743 2022323 1394911 284656 811401
1542739,
2427477,
2493019,
756322,601601 1022333 324604 1120949 127901
1305702,98877 826341 2662405 2541195 38607
2296423,
1018472,
1608298,2612491 1396189 331979 318334 459812
592493,
1846376,84155 92916 183642 238156 351350
1116791,
1772153,9695 193998 1648594 1470761 2544438
658043,1962463 847850 1220826 1584276 590199
1084028,2327089 355054 1010072 1985813 185817
821887,
2067076,
2919046,2427641 659702 2353151 408692 1059637
2099848,
1280649,229736 2169235 1791406 584293 1809151
1641101,
2165392,2411342 2211387 1056108 654651 1465306
1378961,1979603 2381107 2433767 835304 1037969
166546,
2818499,588358 2184362 47739 564919 2703576
1444500,70482 779164 187867 1225718 1083813
2436206,
1280662,1705213 643651 1162243 1719941 2484044
2886298,1635776 850947 729087 1878372 1125288
1608348,2061398 1927458 815171 687716 1506441
1706660,2798594 2046674 2215089 331979 2005001
1378982,
2788015,
2163144,
690866,
2742,
1346233,
35517,
2296510,
2984639,1739321 1797599 954546 2817159 90319
684230,
1361822,
2525895,1754843 666069 2787212 2249862 2144083
1051337,1279176 1910946
2132684,920523 2215089 1919259 984543 847682
1051345,
1051353,
723674,2449545 1525639 1733639 2726566 129513
1379042,
789222,
297705,
2001642,7712 1121097 1851369 426490 1149811
1739502,
1673969,337927 366457 326298 2668281 1864896
723699,
2296564,
2165493,2116217 770912 24333 1700653 1492724
1936123,
199421,
199426,2491918 577455 1648453 358534 1317746
1510147,
2525958,
559879,
854792,1545780 1401395 1418206 852817 412730
2755337,130881 1421619 1536294 1561891 162711
1109122,439609 1444561 2698279 1135880 2436401
1706768,
2231061,
658209,2120398 2052938 1952900 2506100 1728984
1968935,1577023 2627564 204273 2001096 471328
1542957,2476921 2780038 1631111 2303120 1840813
2001711,
2177991,1554157 838133 629505 1364103 2382104
1018680,
1674042,2303216 133371 1467771 646732 130538
2624317,318215 1523423 12147 1996526 201559
1149765,
297802,
297803,1492405 121753 384092 2049850 2701014
1182541,
1248079,
723795,22144 1232929 2327551 76572 1970039
789333,
2919255,1857442 878620 2517572 1530691 1323563
2201402,2427641 659702 705631 1816150 1315346
1805153,
1313638,
1215338,
101236,743906 1258950 1716899 1499193 1115575
2657141,1920718 1328553 258790 2211922 1064287
1117055,786938 1005422 1021497 197536 2003509
1510274,
2689927,
2919306,2167822 2601918 378849 424309 1008205
789389,358534 1648453 2598385 1504508 2779760
1706896,1729363 1623451 1222900 2263354 865279
437400,
1248146,240702 2111345 18906 2682373 351350
101276,2763898 1760250 1005644 1534261 2189407
2100126,
2591649,1446193 88799 169040 1804285 795733
748699,1246986 1906102 18906 2111345 1883491
35752,
2460589,434017 1933057 1186983 1032155 2231662
920495,852580 537938 2237946 443921 2046549
428976,
2755505,2623058 1414730 1272876 404182 2484384
1805238,
1117111,1345401 1192585 1430510 2188872 1259833
2526136,
2329529,1365946 1622238 2427058 2467645 2182680
1018817,2209800 2068131 1792707 2116819 809963
1838018,
461763,
2198470,1460472 1927553 1675248 1258829 1094040
2624455,2399595 2548270 1088654 781815 302803
1739721,
2558922,
1346511,
1444816,
2034641,
2395092,1857266 937062 1276280 2042598 2515017
2624469,
1775439,401803 314930 2120398 2506100 2052938
1215455,215648 2763794 316152 807254 1702777
1346532,2447429 2727832 2819411 1271851 612423
2692945,
2329577,
429034,2403573 222918 2742297 2070226 2372843
1840978,2100654 1157444 2047001 986201 1913531
1103234,
2100207,1802574 2215089 2487214 331979 2005001
1870832,207624 413348 622908 832422 764238
2395122,954546 2612491 2370248 1063168 331979
1412084,
2690038,2046674 659702 2274552 2608654 98877
1518761,1581129 2504735 1974790 943910 447063
1018872,2412141 651447 767284 2148366 2080263
2526203,
527362,254084 1145974 1356817 1654555 696194
1739781,
1838092,1785090 1756026 284353 2655110 10236
1805328,47186 2428409 1904531 235930 2192837
2624531,808613 545859 658264 2314962 2114693
232469,447117 2287391 2744805 2757119 824582
396312,
1543194,
1248283,
2460700,2144083 2237101 2820626 56248 2310010
2657314,
1608740,1980621 2430632 727569 2037072 159201
298022,1733919 2698033 2063162 2316514 1599575
232491,492792 1396189 1969747 1991374 239162
2001971,
625720,
2231358,
1436853,
2891599,1986277 756706 2065502 2170872 1825320
724035,
2886724,1097131 1187282 2574151 1751209 2567352
2690119,
1576008,284353 1822613 2629858 1417177 433026
101454,
1346640,601337 1370250 2158828 1179808 1920040
166998,2090870 605165 788808 526449 2135234
2231383,
3161,
2853979,477257 2458781 472351 915054 2040540
265311,
2198624,
1510497,1515408 684050 1157523 594540 2366151
2526306,
1018979,2671360 793478 859155 1711943 2316514
461925,962296 2703576 110989 2028380 2221194
953452,
494701,
691314,
724083,2075840 1775932 1894967 1545366 1823972
1739895,2625550 1741540 809750 519205 110701
986235,760311 1535415 853723 815171 1506441
1644394,
2493566,1746283 892232 1491634 622908 1798099
1281151,747731 1535415 24572 2329357 2368603
2329730,
756869,2082843 1311030 1604677 1948385 2803779
2296967,
2624649,
396430,
2185069,
2296978,
1608851,
2821270,
2952344,520832 745410 681030 1094957 2539325
2428058,
1019038,
429215,
986272,
1117349,
822438,
2884124,
2133164,69374 2596395 734633 1574776 2735928
1707186,
756918,
617673,
3256,2427641 659702 1780248 2353151 1059637
363717,1835008 94913 509057 700287 98911
2886856,551888 238156 183642 822789 2515350
2002121,
1147426,2088312 1097131 1187282 2605163 456536
2329807,463752 287351 2182957 1104265 2524442
36049,561790 152872 8439 2354181 2484607
429268,
2493656,498131 20332 1149944 1512759 1315106
1065508,
986332,1042928 1497116 1446843 1228916 1726648
1584336,
1838308,2533472 2466386 1919854 1844345 150579
1772773,69374 288746 2427641 659702 1931070
2886887,1784335 537780 1730302 25577 349833
1150185,1949533 501741 2742331 2124761 2407254
896211,
888060,
1182975,2211387 1056108 2001096 1934897 752019
167169,2085877 2582353 1016002 172629 82475
2621995,260617 1433892 1020159 2598385 358611
2100494,746557 183519 303115 1785048 2631599
1289432,1063168 2327551 200531 1691321 447999
953622,
1903896,
36125,55961 2123151 2097351 29603 1670321
986401,
101666,162711 459812 187867 1225718 1536294
1576228,2073499 1215318 1450832 907830 541633
2559272,594728 303307 390198 495570 447927
2166058,
3375,
593201,2012988 1028278 9240 785497 1227201
298291,
363836,
953661,1894492 2787212 937062 634337 2821032
1117502,
232769,335098 2418162 821591 1274284 1448393
1838406,2336366 1246986 2602013 1977043 2467645
494920,2403547 2405494 1975949 895163 1919259
2231629,
298319,478590 1444980 1654448 702915 2152573
1772881,
1944803,
2428247,
1346913,
462184,
1019243,1622860 896851 119267 2180371 878555
1510772,571482 2001599 1469715 235858 443131
1314169,
2854266,
167292,2809811 2766498 2380245 508827 291222
1150334,63126 2314098 1282855 468031 1977672
855434,2080726 284353 1163496 1750419 2789248
1150347,98877 826341 2662405 2541195 38607
101774,1754843 2532332 1943315 328593 1900280
298383,
482954,
757149,7712 1409968 1632012 1613670 304772
2461091,
2952614,2303216 977449 1410461 1074994 1020267
953773,1254966 1261523 461456 1620810 252232
1248686,256520 1466359 331979 900853 334546
1936821,
1674679,1720349 2123603 2078369 2576452 17597
1838520,1345405 1575314 1216106 2537801 1765014
429498,
1740226,
1052102,2192251 2695132 170310 380678 1061715
1052107,
2526668,1426965 1083813 1944479 2546088 2591587
1248717,
1609168,284353 764238 1822613 1618745 996462
265681,
2493908,1011285 1252352 44707 2569044 814996
2526681,1109066 335098 923580 2418162 2437618
3547,
1314268,2126757 2326144 1597166 1924180 412007
69088,
101857,
2199012,
1360465,
2496423,265692 2060884 2137481 1170713 443051
1215980,2449617 826697 1123021 789178 1568767
1638994,
593393,
803412,346780 1638435 1969747 2169867 2655087
331268,
2625037,1620684 590436 1396374 279123 1077888
1904143,2773746 662583 814946 1535068 1433892
527891,
1117719,601537 612166 423380 786419 556281
2067992,2042598 2559179 301008 754497 2773055
2887195,1078318 791623 1779881 454226 2117716
1412637,
462370,
2100771,
2723367,
2854442,2058949 1579484 2317021 1415113 636907
36396,
3630,2239681 2491275 1058877 777292 368747
604607,
659002,
404746,215112 845945 2559625 1248963 2432063
1707589,
593478,
1412684,
1347150,
2756176,
2723409,
2035283,
1838678,
593503,
822882,1289641 1304940 949006 2289673 668297
1150563,2602013 2447779 1389198 170331 916492
2494055,
2133614,1153982 1567510 815965 331979 2612491
1281647,787581 2408595 483531 852898 776632
691824,
102002,
1196650,172629 82475 2175217 852283 1914315
1202549,
495244,
2526861,
396942,
200335,2771370 2725637 72887 1788263 2185090
2756242,
1543836,960042 2415916 2233683 373978 641342
1740446,
2693061,
1576612,284353 898541 2282701 1977043 1780982
2100902,739683 2814186 60819 237589 1855166
1511079,
1142044,69374 2472048 2144083 1444980 1871163
858055,
757427,318215 1523423 1492724 12147 2150585
1289503,
298686,853723 1879987 124543 186161 1399923
2100929,1473150 1423683 433109 694689 1019339
2559691,
2723533,
1347279,
2068176,
1871572,
1871573,106516 1533906 487443 997045 1375416
2526939,820019 124725 2542890 370385 2172308
2789085,
3806,1791851 2533472 2466386 1016960 2422612
888545,
1838818,352782 1440388 161939 2381917 2142945
200419,491821 2191824 2336304 2396545 296433
2723557,
2559722,498117 689417 103979 817466 1342221
1511147,
1380078,
1806064,594728 303307 495570 390198 154578
1380082,1501330 157871 692364 2087100 123523
1085180,
1707775,729366 1277298 447525 1362791 1863699
1511168,
1347332,2615178 1861596 2262 353404 1405124
2789126,2215089 2005001 1710671 1010391 1521919
950913,1016193 1875012 160218 808178 1338519
1838856,531721 709930 582160 414152 1902690
49794,152280 1392358 1770611 560550 1470201
2756366,
266004,
2887449,2209425 2666794 1365946 1953318 2084457
1740572,
1871646,
1720965,
1085216,
560934,
757543,218343 1760118 1439190 1752722 1044446
69418,2809811 2069038 801005 1402945 974926
1543982,491821 2191824 2336304 2100149 772103
2363184,
69428,
2035509,2078390 811014 914336 2802610 846332
1019703,1488125 622908 778160 664925 1593537
2789178,
2920258,659702 1723266 1969786 1719941 2503552
2854723,2250738 2044431 1328659 664669 2222851
2395980,
888656,
134993,
2232152,
2002778,1814179 2015834 451683 2462964 434948
1806176,1097131 1187282 2338086 2699501 2567352
2297698,698983 91068 554579 1207009 2551809
2428783,1920597 861539 282886 1737444 602470
2854768,2835112 2554771 1894061 2609037 1611522
167793,1461476 2142180 1289836 1364519 2213651
692082,1991441 1563129 1905375 2396545 1516490
1937270,908729 2735928 124879 1971570 1575270
2756476,1713399 1940101 1491560 2107376 2312255
1970049,299775 2141177 42262 819252 1772106
1136619,
224905,2809811 1204737 760311 1035434 2144083
1118090,
1666370,2729468 1979874 2019284 1809151 1835008
1576846,
239090,
987031,
481263,1368429 2637856 1114298 1689797 1983797
2920348,
2592673,
225997,1176796 2334859 1529035 2541195 1787091
1183652,
2796870,729943 568826 179232 124655 1775932
462758,69374 130881 1421619 98877 1581129
626603,2532134 393200 1309397 136917 2365471
757678,
2592688,
430001,1918814 2412141 2685269 1785090 643343
1445810,
1445811,2061853 2656684 1556968 1443505 2476266
2133940,98877 826341 2662405 2359303 2541195
1675190,
1216439,
2682186,
2265022,
1675199,1802574 70482 490073 1317201 1130570
495553,2612072 45070 2144871 1048718 2230405
2494403,1289641 907239 1979874 2809246 461881
790472,2356575 2215089 2005001 1710671 656496
2002895,
2625490,699093 2601105 900037 109429 2444466
459427,
1445856,
167910,2061398 1648453 358534 2427641 659702
1380328,
856058,
2917035,
2789385,
1060183,
1347596,
561165,2418253 956384 2655087 1194580 331229
2756629,1661665 1910127 1386259 1197175 363227
233500,
856096,
2363426,718938 2607482 1035492 524082 1752921
1478691,
2527269,
495655,1165567 2708712 1326778 1662738 2080263
856104,
462897,
1846330,
2215132,
725052,
823361,
168003,
954438,
36940,318215 1523423 1816187 2329357 1540699
725069,2144429 1526451 1889008 2222166 1561200
528462,
135249,
1839186,
1708120,
2065082,634337 2220704 1372620 1969234 2087530
1609822,535118 1754621 2807311 1304752 2697314
2691169,
725090,
561251,
856167,1197175 1745139 760016 2352882 1367090
1923090,2336366 19430 490073 1317201 1130570
508605,
1511537,
495732,
1675387,
2363516,96179 2266294 2518597 2179812 1990783
69757,1900952 183374 1080935 1939406 2467156
561280,
1282177,1298580 2473389 2340294 639237 2580246
2723970,2648261 1898888 2642869 799942 233417
200836,801554 2624676 2556859 1528170 863215
2953349,
1183878,
2232456,
1052809,1991718 391597 1359642 936374 1853161
1937546,2433598 2239681 1903428 1289641 1009009
233613,1936517 1615602 2119317 1979603 1188378
102545,
823442,943910 157927 1108083 1254966 1164925
364691,
1202201,
1937560,1410393 1922872 1048436 2028351 2607397
790682,478590 2152573 1488125 162711 1546313
88090,2108314 628868 485526 2700293 2398410
692383,
2461857,69374 449489 98877 826341 150542
2691235,
1806502,434017 2215089 1032155 2231662 277984
1904813,
790703,2796406 1933880 2322437 2209579 922076
475848,
233651,
2134196,1816237 12288 2248769 783020 1838336
1775646,
856247,
2134203,91693 2027541 413465 2535204 393396
1478845,
2166976,79401 789186 2665214 2386980 2470303
1740995,719521 2220579 971689 2766427 252097
1446084,2809811 1809881 291222 1580637 2002916
790726,
1511638,
2625751,
2035928,555553 629724 1127258 1263246 2419338
659676,
1872093,
1020128,2048559 1588787 830096 2579224 482717
2092411,
776230,2214477 741299 2294494 443007 1998862
2756838,
2494699,
18796,
1118453,2283577 2379193 2416855 928466 99241
2429176,
463103,1761869 990525 1839688 85611 2001549
634240,
1609991,1289641 2729468 1648453 358534 1977043
495880,
299289,1575188 1208359 1372964 1894967 2770740
1109825,921853 2437618 2073370 445965 1070096
921887,734638 377828 2300171 640665 2714084
168241,277984 2275289 1750818 2142188 1009045
2462006,
1398836,
1413435,
37187,
2429252,
2822474,
1819362,
921934,2501297 1977993 354428 425050 2173116
2724176,1621394 2173405 611454 981038 2094728
823638,1387275 1512534 1239644 2269878 862340
809017,
1675614,2259629 987566 1707359 777581 355679
1708387,474886 2162417 2674163 1851413 1036327
918246,
1839468,1847429 817466 2803840 448567 1919854
1535303,330156 241364 2573166 1976981 179716
1151342,1521919 1127977 1585059 859458 2581364
1773937,
2396536,
594300,
2724222,490073 1317201 1130570 1713399 1940101
2199940,824275 847862 2447779 688481 2457201
2429319,
2232713,1574939 1782454 348461 773869 1698035
2026903,1231082 61981 2001096 2085851 738984
213742,2101892 612423 2085381 1733919 2276777
2560412,
922014,203014 1105432 2610172 4285 986942
627103,2552998 1993307 1127977 1503563 257815
201121,143812 2731267 1060326 550958 856864
692642,1803671 1591743 284353 1506276 2063661
1315236,
2463922,2427641 659702 1135075 2353151 2457201
627112,920541 1286086 1387543 2002916 284353
1905068,1674086 1512534 579661 2524442 862340
2232750,138998 1648453 358534 2515840 1163641
1282479,354668 1112396 381379 1982510 2049946
1103945,2809811 2215089 904325 2012942 291222
2691513,2696832 1775817 2153690 1221754 1758786
1184187,
659901,401803 1176796 531721 709930 2730242
1905087,
748961,
989260,107736 278360 1509217 444221 1597505
365011,
1479124,2827155 266712 1673485 2596158 2275696
1872343,
528859,1586998 2193965 1256986 919964 896013
2953693,2274832 681030 204596 18531 192727
135647,1998828 2813174 593161 2165420 845633
1316944,
102885,1292636 2476266 2832944 2060659 180146
2920934,761223 71878 2461145 1824447 346018
37351,1261177 2579706 378171 931904 2562069
1446377,
2003438,147840 34519 186026 2326097 1698583
1741295,1454971 1276302 30703 1299472 1688756
1446384,
987637,
70134,1581129 2070226 1535261 2504735 2787212
4607,
2920961,2368603 503359 1900432 2774933 1897949
168452,1405936 2121161 1111019 2517944 1471146
2396678,
596056,2624624 1917673 2420458 1528905 1006032
135701,
1479198,
2920991,293906 1069226 1601488 1253223 2337389
1905187,2090870 303176 1719302 2460163 361102
1020454,288942 1357300 957371 971719 319279
945585,2256646 822789 1577037 334879 1851096
2265642,
1196807,920523 2809811 984543 130881 1421619
856621,
332340,
1710174,1940891 704158 1130908 2220486 2823711
1806911,
1315392,203212 689417 2625550 1741540 836147
1677408,
954948,1991374 2054543 239162 1702202 1443594
954952,2386676 1526889 1317746 2427641 659702
2921036,2822580 734837 2512440 295672 1019671
463438,2783800 1049977 1535662 2198682 648393
1806927,2427641 659702 2581364 2353151 1059637
660050,1775932 2617956 1525271 2523701 525994
627287,2380245 470263 400506 1859774 323840
627298,
1027515,764238 996462 1379089 2143490 2157105
2003556,904359 1135220 435100 1646416 2615477
1118823,
1413739,98877 1444980 2427641 659702 478590
1249900,1244427 1741997 1657250 296433 2285645
2265712,132342 42 2753877 2538571 2339141
103027,1176210 2603529 2705323 112513 1803671
2396788,
954999,
758393,
168573,63705 1423661 1688403 2484044 1607057
2298495,
791168,
2462345,
1315466,
2331279,
2658960,
987794,
2764227,27505 2636647 2142188 1004769 1221284
922261,
1512091,
365212,
2396830,901493 781776 69555 526921 1122442
1446562,
1577635,
2888356,1809073 2647727 74901 2185192 420354
2232997,
430760,
2855601,
1053370,1688403 1617250 1607057 1961547 2656684
1544891,
1020604,2215089 2005001 1710671 1506441 687716
2527933,
1479362,1852965 2775103 2321168 374590 1560579
234180,
791241,2793103 2152573 1724586 2481941 2541225
1208041,
1381070,
1348304,
2003666,2612491 698332 1648453 358534 1809073
889560,
885540,
824026,
1446619,
1675999,1592641 785727 1785048 2260363 1286789
135905,2215089 2005001 1710671 814946 662583
1381093,
889574,2199145 562659 2581562 2503065 1320971
2593514,594728 303307 390198 495570 1512759
1803047,
1315564,
1250032,
508712,1033736 333909 989787 1456733 2029217
2691826,601337 2158828 1179808 1920040 2726674
2463870,44015 2690668 1381100 2681991 508808
2462454,573265 1087808 1646958 1590835 1199843
1966889,
2396920,1405882 784589 2424679 587290 362966
1807097,1802297 2139191 1304940 1419487 2080440
432255,
2605866,449489 1993307 150542 1497942 1603261
2560768,2333945 2690077 1349553 1655469 859826
2593537,
2659074,991891 2308488 1016193 1157923 2059278
1282820,436458 1306800 2264932 2233564 1032416
2167557,498131 1761310 2080964 1512759 286878
889606,592495 829946 709421 334046 2063876
2003719,
1905416,1314366 616379 1348636 1841803 2780989
443180,
11380,
267027,
1053464,
1282841,
1020698,2028351 2429398 2305349 247460 1774448
1544987,
896474,
398117,
1250086,
404956,2703576 696194 47739 2184362 564919
2436222,2214969 1700653 1468008 2677302 1288464
1151789,69374 120857 2144083 98877 2532134
398135,1374739 1528681 279328 2329851 1720349
2724670,
594752,
1282882,
725828,
201550,117364 1285673 2645245 2542104 795480
136018,664949 1334071 1639299 1960193 58510
2954072,2075840 63705 1799957 170610 1688403
1371621,
1016635,2590784 1892102 1679815 275111 1903423
2102116,1843536 785290 2139490 1182698 1033580
907409,
1371623,2734772 2168153 1353363 2714607 2152573
2855790,1044016 782318 1246946 1670086 843291
1741681,
234361,
2560892,2463328 2472534 167049 1894231 1936036
1086333,1121097 1810770 403495 1455015 2589758
758654,1730890 408719 1162512 657959 1757762
234368,
1872769,
2888580,617593 2605040 737909 1257246 2088456
2954117,11657 2793364 1008405 1868311 2429106
70534,
1250186,1761310 2080964 717473 1977046 1512759
2397067,
103310,1116384 1860487 262191 1959710 2621248
2560914,
70547,1492787 2006718 826637 323769 1534625
1119127,683621 2726674 1920040 787503 26615
1381276,
1643422,
2626463,1553677 423044 2001096 1403842 1131756
1414048,
2921378,
168880,
791478,1879987 1016002 1481120 124543 1399923
1446841,2602013 2416855 928466 1200571 1940101
2692028,644082 2869 1497762 1091737 2728754
1741757,
1807296,
694432,
889794,
1852235,2347446 831285 5837 2053790 2617991
2757576,
2233292,2006718 423044 1508233 563902 1927607
365523,
1508174,2685269 1785090 2006718 1761310 1442957
1971158,
889818,
2364381,2365471 2491506 2040812 1271048 2465580
299998,
2921439,784614 2532134 1785090 2088312 1460472
1479650,
693221,1283970 1871163 1146347 1694774 1841101
1971178,
1938414,490073 1317201 1130570 1852427 1713399
1512437,
5112,
70649,69374 2358991 98877 2418162 767284
1643521,811401 760311 2144083 1195327 779598
2888712,74901 2655087 115560 743906 2605882
168971,
300048,2059552 760311 1448056 2098032 2665280
955411,2787212 2329357 2142416 55503 634337
2429977,1283076 863700 491614 908093 470078
922650,2002916 284353 2416855 928466 2193695
2266139,785393 1430201 112354 1340237 1817830
594974,1178809 487162 1271633 1956887 2262131
5627,
1283105,
1676323,
857127,
2233386,335191 160623 933878 403737 695110
988205,
889906,
1348662,1581957 1805929 1038472 1444351 2108165
2888763,346302 473936 407767 1643948 2116819
2233409,2581328 99241 2360494 2609505 2602013
1119298,
2298949,2333645 799383 1945273 1430216 1760978
1835873,
2921544,
2430028,
758864,
2692183,
1315928,32979 2761697 643343 623192 1987554
1545305,
1905754,17120 1053146 1284372 2037231 2086252
1479773,2215089 2144083 2005001 1710671 1619914
1184878,
595057,
398450,130881 1754843 126139 491821 2191824
2102387,327700 1451392 2460494 1603162 1119457
2528373,
1905788,1345401 1083410 1983248 3453 312863
2954368,
496778,764238 2797334 1877424 1451782 2351020
1184908,
922774,
136346,
300188,
158466,
758945,
2430118,
2589553,423044 1109177 2329851 860567 2349262
1971369,513393 2612491 705631 853723 331979
38059,
595116,
1119405,95800 1876503 1902285 1917327 672651
2234568,
2364598,
2692283,
1316036,1581129 2437618 2504735 705631 1529035
365765,1732682 2642920 2706476 2002308 639195
955590,1419487 502195 2174446 1287980 1189450
70855,
1250510,
962083,555553 629724 852231 848732 1730718
2528474,
627932,2215089 814946 662583 1754007 923508
2397405,
1021163,128834 352782 2122050 16596 2033932
2414802,2476953 2437618 853723 38607 355467
890094,375965 794577 2750542 1522929 1001306
1549583,
1709299,
103669,1110229 1509578 1221284 430671 732540
1152249,
1086720,
201989,1983248 2793103 98877 1739321 1805754
2594059,659702 965983 1615899 2220468 2398327
1152269,1497116 1957070 2476995 97470 2419414
2168081,329851 2601925 1549855 2031674
1657606,
1643797,2174583 202896 1456873 323942 1046717
1676570,251466 2483387 1770611 152280 1392358
2108975,
1971485,
1905951,1814969 1192124 2191282 1898396 2469174
902,2532134 1157523 594540 964121 1619914
431398,1013469 2148096 1443349 2020294 2110965
2954539,
38189,
1774900,
1578301,
496959,1460472 1651319 1258829 1675248 1094040
988481,
2950027,
890183,
955720,
2757961,
2397516,1314088 2202068 1131332 2609316 2460701
136526,
693583,1837348 642024 450580 1621589 475062
1250640,1497116 67700 510361 2477476 439672
2331986,2707722 2063319 622908 2523701 1525271
431458,
1480035,387926 2049341 2633362 1792918 2766498
529766,1761310 1588566 21107 306719 1739031
2889064,1110617 1414730 2827232 1451333 690626
267625,
1250668,1535261 203212 1697630 2619359 2481409
2725229,1328258 80806 1510033 28518 559731
1840494,
1906037,69374 490073 1317201 1130570 829419
2430328,69374 126139 1940891 2144083 318334
791931,991891 2235284 623697 2193965 1256986
2004348,
2954621,544866 2215089 2005001 1710671 284353
2037118,
1938819,2528885 737209 2160902 1598124 2475871
1873287,
1414537,
2495884,
2823565,
136595,2412141 2421983 2304407 1539855 1487009
55534,
2687897,1176414 1219294 88358 220750 1462411
1807778,
2692532,
2626997,2575559 1127977 421981 2770938 1433734
2528702,1958332 294138 682557 1245845 829340
234953,203014 2610172 4285 1834402 2386238
1185230,1796830 2075595 1439287 2760145 2262960
2430416,2215089 70482 2005001 1710671 1444980
398804,
923097,
1021403,1742911 78753 534380 516310 1101318
169437,508827 2489166 1896070 1090979 2382598
1611231,
1676775,1503563 2515017 74901 346780 2392452
2561512,
2463211,21107 2158273 1064909 2434781 157459
1152495,2504076 1698077 287119 1648594 2630190
1644017,
1807859,
1152507,649952 2152573 1585597 1078931 1795392
1250812,331979 2612491 2487214 1014576 1907574
1644031,434017 318215 1523423 2497790 1342530
2016171,
1152519,
2168328,1925211 767284 1943055 210507 1249417
1971723,1723139 1810189 387496 2442934 2198723
1414674,
1971732,923580 1857381 1585503 876324 2230845
2266653,1702777 807254 2285597 1304632 770829
2135587,2126967 832029 74901 549617 130639
2266661,
1076828,2215089 2005001 1710671 2574151 1581129
1578538,2427641 659702 2353151 2463867 1478392
1218095,
5686,2577263 2579707 1931189 2753633 2427014
1038601,
71226,1818300 2710271 526583 1024756 1667970
2535007,2787212 2249862 2144083 705631 1639028
1873469,517117 1314823 426700 2096417 1341231
1250880,760311 2476921 2733626 2193484 156785
104001,
1513027,
2758215,1460472 1155321 1328553 258790 2308880
2004552,923508 1754007 830362 2395920 18872
2725449,
2627146,
1676880,
38481,998540 415488 211361 2263482 2206648
300630,
923224,2690422 425526 2435461 549682 1754408
2922073,2809811 291222 1580637 56861 354117
464475,
2890000,1503563 74901 346780 2506100 109900
1185382,852817 1418206 2240525 2069146 1703589
1349225,
5738,
2922096,
267890,2750542 1522929 2304407 1539855 702653
1185402,2347446 607764 760863 1977043 2062254
1250944,
2528900,182398 524846 1566799 770912 94000
2856585,588358 594728 303307 390198 495570
1054347,
1840786,1778564 1778869 907416 2494217 2726674
2594452,55503 1335576 1569710 1845207 1607836
2266780,
2397859,1032155 2231662 277984 2427641 659702
1742502,2215089 2005001 1710671 1778564 1778869
1709737,
530095,591015 1535056 2504735 2343229 2657995
2561714,335098 581468 54906 1339063 1907690
136883,
1218228,
1545911,1143409 2009942 2340700 1412013 624162
2332344,1567510 815965 2612491 322374 331979
2102970,1577023 2627564 204273 962296 238551
956095,852283 284353 2674163 1822613 804234
988868,1535056 2504735 2199920 1998402 258509
693961,
1775306,
2594507,
1545933,
1152719,
2791125,830923 2427014 2753633 2135234 2089104
464598,
628443,2192837 2175549 328351 184577 2598372
1775324,577455 472536 1024877 1426108 463752
1709793,601337 1370250 761814 1797599 330371
890594,
2660070,
623569,1436059 1931380 2077415 170747 612004
1119976,1849168 537016 2783316 920541 1286086
693993,2552998 463752 220200 1142853 2332738
792299,1747004 2692236 1080395 34999 1020669
836562,
2201334,
2004729,
1775354,21107 2158273 2434781 1064909 1761310
1906427,2668801 507181 1118070 196188 1248963
431870,395066 2088312 2427641 659702 2605163
2147285,
2397954,
2955012,2745430 1155321 2154452 1165567 2708712
2725637,330156 281319 2313638 2054435 667363
2168590,2451768 1905375 330156 463752 779164
1775378,363227 336893 1809933 1469575 989876
562963,
1054487,
388740,
1349406,1056108 1691696 271305 948018 1900912
1283872,1058968 787780 1903984 1258860 1022592
694051,2043058 1751869 850376 648456 1590426
2594598,
300841,
1709866,
2529586,
2627379,
1349430,69374 434017 1010391 490073 1317201
1382199,
169786,
2201403,1146520 300890 1578846 2313266 2196463
1939261,
1939263,954491 767284 486592 1292636 2148366
825152,2809811 1538057 508827 291222 1580637
595781,
38730,452334 2705759
694095,
2922321,638219 1318983 2800818 1258221 309478
956242,
2824019,
1447770,
1939298,2215089 2005001 1710671 331979 2487214
530276,2598411 813559 1346344 217204 1171957
1939301,
2463591,
2529129,
1152874,
825195,
2332527,1820830 2412600 133593 928461 1284451
2037619,
2168693,
1808248,2470411
530297,
825210,853723 136917 1172283 1898363 573265
2791291,725639 808288 1224759 28921 2726770
2496381,662583 814946 2773746 445112 764238
1218430,
1808269,58712 1282004 2191569 695437 75096
956304,24572 1054579 1915132 208449 749361
2135957,
2627478,
1382295,853723 1190785 1172283 1898363 719700
956317,333909 989787 1033736 2253031 1804730
1742755,
2201511,
2545991,1032579 309861 1320044 614525 2482970
1251244,
2201518,
1546159,379493 2514968 2374859 2524259 1243570
1611696,
661426,1754843 2721595 1700653 1409968 2077415
1382325,
497597,264734 2215089 1567510 815965 2005001
202687,
1021890,1531632 1927553 1617250 1857552 2071952
1939396,1508724 1528420 439666 2383793 2419733
1939397,
235463,
2267081,
137168,1995368 582122 2025753 22410 787225
1480657,688850 2427641 659702 705631 97234
2136018,
825306,
2267101,2807560 2435135 120946 543957 1866471
765605,2096828 1913101 2146682 1488125 612004
563169,
2594787,
224934,2381452 387886 2674163 898161 711316
890857,975338 1331710 2328664 2286644 901889
1218542,
1087472,
1584809,1906102 1575188 1208359 899539 962296
2398206,
1071445,
1939459,
1120260,
1021961,996129 1113080 222973 1838670 2219409
2070539,2822580 734837 1612626 372347 1774758
1349644,
279554,1561371 1127915 1329475 1779881 1067256
858126,
2660373,2248913 1761310 1122869 1631953 1835008
170008,
923673,
2922524,
2332701,
1218590,
38944,778160 912478 1488125 1318347 1561371
137251,362243 1903894 1827749 954790 1100231
1841188,
1775964,1150294 1206499 689417 284624 1510033
2725930,86697 1626829 2735742 156946 45969
596011,2803840 2113250 1942685 269146 1938542
1120300,
1972573,643343 2750542 1522929 1182126 1188664
1284148,
1382458,1198204 1617152 378275 430992 1687704
694331,
1819659,
1546316,
1268066,2198479 1408432 399787 2044814 627196
2431054,
137295,1291238 84155 1299042 359531 843976
727120,
989272,833030 578186 1776931 1556563 2674274
2168922,1588076 1535068 1502272 1526451 2144429
241338,
759902,984543 2595250 1391524 19813 1510740
1480800,
1471051,
1710184,65398 228314 681795 2581273 2028351
1164306,
2136176,
2201713,
530546,2152573 113715 478590 1488125 162711
1491987,526880 1220131 2136365 2404023 2426775
1567767,
923766,2729468 1282855 2162417 412007 1943787
2922619,2824967 420164 1406990 1857552 2071952
2693245,
1742974,2148366 1047538 1943055 2063985 1937427
825471,526921 827359 90181 1713893 2668027
1874051,2260646 2002920 2254993 2062740 827943
301198,
2726031,
2234512,
1087636,
891030,1248561 145842 2213228 869109 2695008
2332823,
2660509,2322966 2006046 922076 2209579 1603504
399520,
2857124,
1666758,98877 826341 2662405 2541195 38607
858281,1020318 96565 100218 738984 899038
1284270,
825520,
1644722,1108200 859765 775525 1754116 1438827
2956082,
1939646,2819294 1536054 554672 802543 2463207
2955455,692364 157871 2087100 266712 2369746
2791617,
1579208,
2169038,
2234577,
2889939,
989403,
1120476,1555255 657342 465760 224352 2507090
760041,2538660 2216662 2717566 1543103 2487214
2889963,
1677554,
2857203,2001599 1469715 459547 571482 2624556
760055,
2857214,
678272,
530691,969148 44015 2104587 1889008 73920
2234632,
2005258,
268555,734633 2572461 1204198 1205625 2651059
1612045,2739498 2664760 2232245 2411149 956600
2693392,
1546513,
39189,
1421017,
1562712,
1055004,
2032688,2729468 1913384 2229262 48725 2528111
2169128,
2272988,
6442,831728 1282647 2077064 2484044 2083455
137522,2705505 1763556 2168446 2205631 136917
301365,
2693513,818492 1938358 1574939 348461 1782454
2857272,
2846431,2613379 1822791 2675572 1986459 2062431
1710397,256460 2395587 2245790 2585095 1423880
2431297,79401 2364757 594836 1411470 2572461
203076,
1055047,2003050 1657686 700583 111553 642086
2398536,
252300,
2464075,
1612109,
2431310,
203090,
2201942,
2464087,2827155 1761356 1765000 1826815 179716
72027,2325489 2402578 1761310 2162196 498131
104796,680708 2162855 1261235 2497790 999626
170333,128834 339793 1933337 2212116 1617152
1907041,
334179,
1022315,
1317229,2329851 1720349 2123603 1705213 312742
1841519,
1448304,
2136435,
1513845,2729468 2411425 1568323 2138700 2016102
2496887,2649739 2704354 1015739 136466 2213671
2234746,2427641 659702 2353151 1824672 1251752
2496893,2211387 1056108 2729468 1809151 437765
1153408,2798594 2046674 2080726 2574151 284353
1481089,
2922883,1861596 2624676 684050 1985892 2742674
1546628,
825734,
2005385,338801 326548 1774758 2817623 1298265
596362,490073 1317201 1130570 1940101 1713399
656450,2433598 2332738 2338086 1967437 266712
2496918,
1317272,2025410 1125324 303176 819335 264579
1743263,
924067,
1480882,632083 1635770 2784642 1672877 1287381
1513896,
2890153,2541195 1087366 1697630 1787091 1364814
1153450,
2688071,448940 1994642 2783369 2174115 2042598
2496942,
563632,2746842 942797 691038 944834 181792
1186226,2215089 401803 2163110 888295 472313
1612214,1991441 1563129 2753791 2126967 2582353
924089,
1120701,420164 1014491 186843 1150485 885470
1939903,890097 2228885 212987 2407254 928650
858561,
1612226,1764480 1192754 1792707 255128 2366608
509003,2432101 960042 789186 1847914 154567
268746,2314578 2802177 1471146 630403 329819
1546702,98877 826341 2612491 331979 2662405
2720845,1231082 2598411 168083 2161525 1797565
962296,2215089 2005001 1710671 925845 656496
2136483,
1350101,1933880 2322437 1792918 910698 2558484
203223,2813633 1170868 626635 2480339 1611281
2562522,750307 368747 707779 1162075 2318247
115791,2208670 2703186 1689155 2487214 961238
661982,
2479268,
1186276,
1415656,
1219050,
246866,1253828 79472 2183871 2138340 183236
2267633,2106638 1577106 1564833 460845 1385544
2857458,734837 2822580 1777465 2512440 295672
825770,1092345 1234294 490987 2441881
924159,1365946 570961 1124669 2517735 1528850
1677828,
104965,1705368 459812 79401 1411470 1911323
2595336,2831580 257578 2080171 1585597 600620
2497034,69374 2809811 1739321 2321168 1993747
2890262,120857 2144083 2581364 705631 2353151
2726423,
1381406,
465434,2504735 130538 2762014 2562339 2325481
1022491,2380245 2437618 1048111 705631 2609142
1481246,
1350176,
1881331,1460472 1258829 1675248 734633 1298265
2759209,374590 771128 1809073 79925 2185192
2699015,
1250658,2518957 2696589 2357765 2722373 1093943
1317424,
2595380,466877 7712 2766498 38607 355467
891448,2215089 2005001 1710671 1739321 899539
1284671,69374 1953318 1130577 787780 2353151
825920,
2234946,374590 75638 1247531 764238 1463935
399940,
891465,2476921 2082866 2510920 189378 1572271
2562640,332354 146360 827359 684050 1492724
694865,1802574 98877 2532134 2249862 1983248
858706,
924248,167049 1083294 1485324 231570 20551
1213540,
2857567,
1393766,
2824808,1319656 784719 367075 184878 226281
1579625,524654 2215089 2264610 2005001 1710671
2136686,130881 1421619 277984 1561891 113715
2824816,
1606760,
170611,
924276,936121 2656892 2173405 611454 981038
2366070,
2398839,
2071170,2120398 2052938 1952900 2506100 1728984
957060,124543 1399923 186161 463247 2549156
1546689,
465544,69374 434017 2809811 2353151 1521919
1481354,1460472 1258829 1675248 1094040 734633
1415820,2540143 2248533 1983876 2575890 509481
2595472,2809811 2353151 2756594 291222 1580637
1634073,
1934447,
1514140,
596638,2137991 974646 2613923 245346 47446
1972902,
1994524,
170666,
1481389,954546 2820292 2170748 2367864 2173116
1743534,90379 706437 368977 839747 2809246
2169521,
1546930,
1645236,
1612472,
203452,2612491 2427641 659702 1816150 1315346
2726589,2427641 659702 2024438 2371871 94000
1579715,1406990 344852 878620 1530691 2517572
1219269,60691 1314454 2141218 2332593 209275
793286,
2824903,
1088206,1271905 1020267 1969786 1828224 1920128
2169553,1241326 1836098 1723787 1175067 1850618
334547,
2169556,
2398934,
760535,
1809112,885898 1515408 1670431 2736007 1878571
563930,628537 193998 1901560 2673501 421524
2595550,
2038495,
2759392,2211387 1056108 683621 2738174 938102
1219298,
1186532,
989932,
1743600,
2917503,1031341 2614450 1739521 2730242 645596
989950,1931070 284353 82593 432440 2366608
563973,
301831,
72461,
1055502,
2136850,
1098883,1802574 2249862 123002 88825 616944
1547028,
1284885,891282 1351601 1843536 235858 4770
2857752,1894492 2427641 659702 1538720 937062
1743641,2723986 78105 2787212 2249862 2144083
1645338,1931070 701156 2731704 579761 708026
1350427,1913374 2082443 388178 2656071 574693
400156,
138017,
1808859,2215089 2716186 262672 2461145 922646
1776420,
727846,
1153838,
596785,2104587 956384 1219452 1852764 1556478
990002,1973142 271403 2562157 1359296 952736
367414,
1612600,
2661178,288746 2333945 1349553 2690077 2742297
564027,2358991 513393 1418055 1510033 1515408
2497355,
1776462,277984 2742529 2555437 113715 1750818
2726736,
2431826,
1874772,
1595465,
1284953,
2469690,342302 832278 1488488 474635 1067646
367455,
39778,1130453 2754267 2092409 1806200 1745658
536379,
269156,
1874792,
1547114,2561412 20792 537428 1106691 2631931
2005869,2350789 691216 1775123 601654 2420290
1678190,540497 1110964 906881 1770200 792334
2923376,307027 1728863 2587551 395042 1786840
1350513,
1022837,2567306 118772 875487 545807 1089163
72570,
1514364,
2825088,2086181 2266407 2527850 1061943 2390830
2825090,2472048 1991031 2624821 2685741 681045
1153924,
2169733,
1743751,
1055624,2348919 1952349 318505 2375257 1281677
2512016,
1475735,
2923404,459547 303593 437171 581468 1048436
2300813,
1612687,2414288 1597068 1097867 1936073 2468672
1481616,
2202513,
2759572,2054734 1535261 203212 526449 2742529
2104217,
400283,
1055645,643343 2329851 1720349 2123603 2758493
695201,1653217 1273825 2262131 295672 455245
203686,
2693617,
1678249,
2076487,
662444,
2694064,1188791 2232322 2127488 865046 2822423
2825139,
334773,
793526,
1274790,
2661304,
2857915,
391952,
498625,
2726852,2148366 1047538 130538 2464994 212987
2137030,
891850,1822613 996462 786554 363227 2464677
2005963,69374 853723 2820626 56248 2144083
1678294,2787212 1847429 2332738 159686 2532332
1186775,
859101,50823 1836823 835070 1492724 460678
531422,
181413,120857 2427641 659702 2581364 2353151
1055715,
2923493,1977043 1785310 2358455 1790214 78169
864081,
1809389,
1383408,804799 1733919 1761310 1835008 98911
2628596,130881 1421619 1968969 2193736 1561891
2104317,12033 691858 2356738 1964480 285340
257877,
1154050,
1252357,297131 825195 684567 284143 1453483
957446,
2530312,
7182,2640339 2715079 1388757 2704123 1884669
2104336,1291238 358534 1648453 1299042 2822580
629778,98877 2437618 826341 2662405 2346954
1874436,2144083 683621 938102 1304584 567958
728093,
2858015,
651099,90181 1713893 2668027 1648877 632304
1186853,622908 1327639 1409968 1919757 2626742
1973286,277984 2427641 659702 1094040 1481120
2497575,
1252392,
1612841,2140217 171527 1098890 795787 2381714
2104367,
269361,
2104370,
2923571,331979 964121 1688403 74901 1856562
498751,1658473 130881 1421619 1729363 1705213
1842243,
1285189,
171078,
1776713,1365946 2274552 2608654 570961 1786840
2661452,2450099 2228979 180573 354774 517348
1219677,
2202718,
203871,
2268260,
1055846,2336366 84155 170331 998540 18906
2169959,284353 2063661 23406 1015952 1115569
1776754,1002289 2304502 638219 530852 1381153
1711222,1125324 1719302 473708 1871764 199388
2694263,487162 1276280 1614266 44015 2080046
695417,
203901,331979 628537 284353 1130823 391068
1711231,
597121,
1842308,2421285 2221194 486592 2148096 285646
2727049,
2890891,
400524,
171152,
2595986,
1186970,
1973403,
2628765,1354902 2559996 923580 1246300 463040
2563231,
2956448,949434 829342 1919992 1271425 1632877
728233,76330 779441 2051866 2632134 1817212
1219758,2380245 2503552 2787212 2249862 2144083
2923696,
2563253,1494990 267154 1635925 983212 1171809
2923708,98877 826341 198152 937124 2662405
2622666,638219 513644 1871595 1521919 148365
274293,
1776840,1615899 1396306 1918807 2222761 1541985
2170059,1299042 128834 152376 203668 1765049
40141,
597200,
793811,1510766 2538655 1749247 27592 560383
2858196,
2294991,2797568 2748629 934343 59567 664240
1744096,440376 1324576 1615899 817466 2330681
1918160,1402268 2503787 777252 1060634 2774599
335074,
2432228,2771370 2725637 2214932 20081 1290524
1235494,2577263 498131 1356042 469086 1992799
2032849,
2530538,1940891 1739321 2290733 1444980 2427641
990444,
826607,615804 2112947 2421094 1127258 116837
859377,
423663,
2104564,
2792697,1058590 1758661 1770209 738189 838615
2759933,2353151 1816150 1315346 767284 2024684
2923776,1837348 1483829 20438 569727 1678455
1678601,
269579,79925 2764495 1483107 1524413 1558051
1514767,
630033,1808498 2665280 2430057 1813857 2832293
1449241,
1514778,
498974,191357 2438559 1096018 2778895 744414
1875231,
2431536,
1088803,2100149 772103 1094040 2745430 1165567
2432296,2729468 1750818 2540352 712084 1139628
2039082,316152 1251946 526449 801449 1585597
892207,
40246,2077064 2523402 1748104 2316511 2569649
2071864,2086181 40788 1683682 2179044 2824967
433466,
2497852,
466237,1581129 613697 2120398 1927553 1894967
2694463,601337 1370250 2380245 1705213 864853
2596162,323311 1626967 2770382 2561804 1332634
2202947,577455 141821 2822580 734837 2402578
2727236,
1257356,1204580 2475951 1295584 707844 132547
2727242,
1285453,
2137428,296433 1919773 2334626 1358486 1078238
269655,
433501,2313990 695196 970170 2300364 1304657
662882,1940891 907598 2142391 1732727 2353151
1103383,314930 1231082 1510033 700583 111553
1973610,921853 2162417 1853488 450173 1060110
1749993,
171375,2393002 773634 2549124 638072 1761310
400755,
700308,
1056123,
2399615,
2791362,
531842,
2000107,434017 284353 98877 797894 1032155
2399621,
2852076,2388308
1154456,2211387 2333945 2690077 1349553 2541195
1940889,1403842 2413815 114803 389565 2454843
2465178,
1333829,2813697 2056418 1871595 2148096 898161
2465190,
990635,
1056173,82593 2042901 2634975 2825132 509481
1154489,
1842623,
2399680,
1875396,501957 2556859 2615178 353404 2262
2006471,1847429 1648594 2022323 726097 617593
2530761,
2039245,
2072021,1893740 1946368 2160162 2328810 209948
2268636,
1220062,740285 1088599 2373231 1145197 1735112
2235874,
1940963,
1809893,
1121768,
2170345,
2563562,240702 1193802 876924 2682373 2809246
335341,264734 436824 2382747 1433780 1699537
2170353,1741624 1091253 2481053 2382384 790191
1382717,2756594 1002289 1645212 787780 1515408
1482230,34276 1086821 452602 1410508 368038
2137591,
171516,
1515008,1271905 1172283 1508733 1547500 559731
476416,2504735 1644925 1271633 89349 2713378
2694658,1798236 2512177 2322966 2006046 922076
2366981,177496 2143001 538441 1426983 1413222
2956807,1761310 2335094 142288 1142057 1810401
2006536,
7693,
1252878,
40468,
2104853,
1646103,
1139620,1592204 1127068 592379 2321168 128834
749863,
2268724,
1121845,1092132 1763503 979257 2742331 1200077
1842743,
2924088,2427641 659702 2581364 2353151 1491560
663098,2664998 991733 2008767 456536 2710271
990779,1957070 921157 2427641 659702 1816150
1580604,2313638 2554771 729842 256304 611545
1285697,
1875523,737209 719179 2080046 729366 2627070
1908300,2211387 1056108 1671498 1929210 1273362
148749,904359 1135220 435100 1646416 2615477
892501,
1973846,1654555 1356817 1529117 1563844 1985647
1994681,98911 493026 1918553 1263525 488980
2104920,846292 2159754 2707691 2589847 2338966
1678938,
728668,
1711709,1759155 554672 2361222 1520277 772112
1941086,
2563682,
1351271,1192723 2589758 555051 992101 117627
1322940,
1318506,
2032914,1581129 1723308 1642262 2805733 2504735
1351280,
1350249,
1154681,
2039420,2427641 659702 2353151 1059637 1444980
2924159,
564868,
1721622,
564872,
2530954,220200 2150240 1648877 1510033 1835762
2786583,
2956941,
2727570,
2432660,
307140,
1908383,
990881,458555 977292 312131 2714597 2350789
663203,1860585 2011761 1861091 1964300 416602
2301607,
2662060,
2891439,594728 303307 495570 390198 1562094
2563770,
1131807,
433852,
1089214,
2956991,737209 1404089 177496 1793806 2770753
621115,1837348 1695651 642024 1621589 2696589
2629324,1581129 2504735 2070226 1366050 1307103
247074,
2268878,1739321 1774758 619051 1776314 372193
728793,824275 1993747 2329851 1720349 2123603
2399962,
2072284,2290733 2214932 1355266 639551 1731150
532193,2231662 1142498 2581273 2541195 2773746
138982,1867575 1680363 1996525 1985574 517170
892647,120857 2149566 2036120 1915573 792119
2596588,288746 408692 457806 1931070 2767841
73454,
1941231,
2105072,
2760434,
794355,98877 826341 2662405 2541195 2253436
401140,2605163 456536 408367 433109 129506
416382,2552998 2002916 1142853 1848502 2833091
73471,2506100 102628 1728580 1332465 1314105
1056513,
794372,
2977750,
1711883,513393 1916518 852283 459812 1613670
466701,1598243 1882173 22316 1487762 1407258
2531091,420164 1566799 45764 2096297 2647296
563288,
2236186,
335645,
334151,
565027,649952 921157 2427641 659702 1816150
2170668,522209 2787212 2427641 659702 1620684
1056557,1980550 2785280 1142853 2137991 1648594
2957109,
2465594,
663358,2019284 355417 1708550 1065338 34243
2826050,
2268996,
761669,
1317516,616944 78753 811602 1101318 704158
827215,154578 1834139 760311 1465306 654651
532310,
925527,34102 676482 1007354 1008678 1251798
1515352,788066 2785280 1600575 1438645 199255
2924378,
1875803,1674348 2327551 2591587 266376 2582956
459633,2412141 1282855 2608498 136466 1984028
1515362,
2891621,
1060839,2760902 2159085 1154012 74901 2738174
1089389,
597875,
1908600,69374 434017 2798594 2215089 622747
1286011,
434045,2685269 852283 1498107 1785090 2609718
2826112,
204680,2497790 2162855 1261235 1342530 770912
2334609,2537098 2066452 1251946 684050 852580
1220501,
106391,1462999 1465306 654651 266712 1665664
2400153,1528170 863215 1224811 2494502 826351
1810330,
1187740,2348919 545859 658264 2314962 810811
2043956,2193500 961387 1971570 124879 894040
2957216,326751 617593 1741997 1282004 2605040
761762,524846 1895380 1984028 324229 408816
827307,1149941 288746 1931070 1460472 2223028
1122221,
663471,1517250 1294536 899332 331026 2812383
1318834,509306 2606702 1306232 2512075 1598844
925621,978733 1667820 959885 2787212 879615
2695103,2516651 1804556 2796307 1968623 933244
2564038,120581 815701 77341 653837 301789
1384391,
1089482,588358 577455 1200077 634337 84155
1777618,
368595,2624684 1862086 251136 2720689 2445138
2957268,428412 1782033 2047883 1088023 273683
1712088,1921600 1980621 2705505 1763556 2205631
2891738,2433598 1528850 2326442 2019284 1491560
2269147,
1417181,1603261 1503563 701156 2104587 956384
237536,
2596833,2329851 1720349 2123603 1292636 1619914
1252006,316544 2083515 1510740 2169235 825601
2596843,
2072556,
2170863,
1056753,
2367476,47186 2428409 112513 2705323 395402
1089525,1334509 1442541 1789521 2213718 2349760
1777654,
1712119,688647 1444965 2027327 792138 724250
401405,
466946,2061398 1848502 2612491 331979 2817623
2695173,
1432236,726106 2073370 445965 80530 22112
1372162,
565264,
303124,478590 1444980 1607057 1961547 874415
1122326,670873 2412141 2215089 2005001 1710671
2662427,2504735 1193802 2223467 2163442 84155
696349,2163200 2029866 1037233 262145 2558535
794656,
1581095,688850 2798594 2574151 1513070 2226790
401449,135474 1939502 55503 1407797 1475642
139306,
598064,853723 1898363 130538 160528 2003509
892977,
630836,977158 2021291 1639028 2512440 611545
1384503,
1122360,1387543 1491560 2107376 1392485 1401275
2793529,339793 899667 902406 186026 1462999
1450055,2222748 2226110 252232 2162092 374266
2924617,
860234,
1220687,784506 1031950 1201521 1193765 2289673
2728016,
1286244,
434277,1241124 1965644 2459204 1751805 2574656
1122408,
1170108,2145097 762822 763780 981073 1991466
303212,
1941613,2215089 2655087 1503563 336191 2605882
2433134,
2170991,577455 2290733 1418055 84155 1032078
2728053,716358 2066452 1918612 75638 982564
565367,2267306 2707729 2286678 278427 1230146
8316,1799649 1049741 2182180 1718748 1281700
827517,2215089 2005001 1710671 1626649 2487214
1613951,2379008 1028530 1106691 2631931 1942862
860289,
1122434,
744129,
2269324,
1596098,788066 2337466 93389 542993 1740931
2826382,2069038 1232929 76572 1970039 1702003
2564250,
1089691,1898953 2612491 331979 807254 1702777
696480,
2629794,
1679527,540720 318334 2584911 1732727 2142391
2334893,1150661 850376 1541695 1952925 2834259
794798,
2564289,
270530,
2138310,
1351880,
2105549,1857658 2723846 1414936 1894967 1364714
1319120,2069038 1232929 76572 1970039 1539292
696532,
1847332,1740382 827242 595200 2754694 340176
2466015,
368866,2132142 1929210 360854 1049386 2485282
2040035,2083515 9843 2602651 1689339 2245500
1908964,
815143,1835008 1841480 251241 2553721 1368130
1820029,
827633,2215089 2005001 1710671 770912 1799957
432851,846665 713998 1244683 1304940 1357724
137940,
925951,
1688960,2215089 2144083 2005001 1710671 921853
696578,
467204,
1155333,
110636,
1843468,
1351949,1132511 1119807 916670 254120 1446073
2236688,2209425 1365946 570961 861841 2467645
1646865,
2105619,123690 1694797 2160117 1164202 2493997
1712404,2326097 1064524 1739031 1463675 904489
2367766,
1745175,
2728217,
2203932,
172325,1032155 2231662 1445120 2437618 2430113
2236710,
1089839,2504735 1087105 2383862 459812 848344
74032,
532789,740732 2098581 264667 468031 1194702
2007353,160528 2589033 2788358 1203371 1581556
744159,
893246,
2924866,
1941829,322374 114591 750068 1619395 1064022
631115,
2367821,
2498895,704833 2556822 1056691 957542 1517864
2007381,
192569,2321168 98592 1672685 1560579 1774758
236260,
41309,
2629983,
22107,
1492369,
565609,
1352043,471614 918493 1958486 2749129 105431
2924908,1582925 1220726 1188415 1277364 611969
2629997,
1057138,
2761077,
2934164,
1290303,2763898 1760250 1037995 1049247 1952904
172413,1674086 10414 1120780 1016347 410738
1220990,2481941 765811 2731179 2589364 496822
41345,
2400651,
2400652,
1703300,
2677486,
991647,2786093 579761 708026 2133029 375210
1384867,
41383,
2302378,
270764,
1843633,576172 2268406 2650117 937870 2671577
1188275,96565 100218 1020318 1886755 1481965
2695607,
238011,
2335168,
1155523,
1909189,2040893 2582353 251241 69555 2723846
2655649,
139725,277984 851820 2197245 2739498 113715
2859474,490073 1317201 1130570 1695651 772103
2269666,1647452 1817202 1125071 1225601 1956577
1581540,969148 1895380 877063 2185192 1984765
589499,
2433512,
2761193,
2367978,2756594 7712 1851369 226679 787780
2007531,
1450482,1835008 98911 804799 1019671 1392594
860661,2787212 1383022 129797 1561899 529820
2519124,
762365,
2892287,2427641 659702 2353151 1059637 1444980
1712641,2255856 470078 1840914 2320594 1884669
2630148,219864 2460307 54444 2656641 1666414
2204166,1386100 551888 2567306 2193500 961387
1181100,1975482 1581129 2612491 1911323 2487214
1516042,2329851 1720349 2123603 470263 1965582
565776,2088312 24333 2612491 2605163 331979
270865,63705 1688403 1617250 1607057 1961547
1516053,
2171415,1712933 688481 1823782 2445138 377046
893464,
2269721,2771370 2725637 2820626 56248 186026
1548827,
2794012,
827933,
2171427,2574151 2758493 2703186 1288064 1260126
2892325,
1417769,619051 1776314 2289123 743906 1765673
238123,
2859567,
205360,1142171 2684451 73920 22806 511111
762426,584293 1791406 2535839 2680991 2441475
1811005,
1155648,
1090114,467515 1823332 1266842 2641193 847759
1385028,
2662990,
2302549,
1385049,
172636,1537957 1979046 174891 1924793 2344023
2564701,2054344 2467645 1637351 542993 2779760
1778273,
729700,220200 2223467 300115 2717011 1862086
1745509,1251775 2594599 1846154 2596433 2253436
1319528,
1219347,
795254,130881 2085818 113715 1752058 600761
1778302,2739498 1767386 253256 2411149 1545386
1090183,
1483405,
1843854,
2892432,1733919 132222 1197175 1619914 2063162
2531990,2678944 1784088 114073 2152418 312536
2859674,
1581724,459009 2170286 2555597 624796 981521
41629,
1516201,
991914,2115920 1396801 1581129 2786395 381830
369323,
41649,1770997 1460472 400506 756463 1283162
238260,
744223,
1254077,69374 434017 2809811 1032155 2231662
139968,2630599 2343229 1282647 1481381 1230754
729795,2770753 77341 852283 2422646 1278956
1188556,789249 313889 1409350 537149 445350
565967,1713399 1940101 2365471 1933345 1949839
1863479,
1549018,
820687,1253712 2789507 361609 620057 568897
2597596,2676928 1321804 1696707 1227198 354538
565985,2427641 659702 1940891 853723 2353151
369388,
926447,821591 1274284 1062046 1529035 1456733
402161,2481279 2451556 2471777 2647281 1750580
991986,1265933 2796406 2016049 2054435 2731704
1811187,408367 2305349 2213930 2690105 610022
434933,
2204406,
2466551,
1385208,
303865,
1831039,
795397,1258829 1675248 561790 902999 327946
336646,
1417991,
369416,1097131 1187282 2567352 211071 2762014
1942281,2162417 474886 2674163 2108927 2431341
1123082,130881 1421619 1561891 2640230 2075071
1614607,1739996 970445 2062254 446075 1545334
2958096,1291238 960446 1476216 1850016 2541448
828180,949736 365574 2049850 2675738 418194
2532120,1396801 2115920 2783316 788066 2406976
2761497,
598811,797964 2613923 571332 1805754 1190360
1975070,2215089 2005001 1710671 1619914 2063162
1123103,1306144 1970355 757668 941893 1900633
1581857,815171 1506441 687716 1719941 1535415
926506,34102 2609505 2049850 350427 1105094
2693938,
729903,
2564916,1658473 170535 1720451 1147573 1012128
1549112,
1254202,674791 2088312 1906102 2008767 2605163
1712955,1142498 913765 1685930 26419 1457483
2892605,1365946 2467645 2182680 755922 1161727
1745729,2380245 2668801 470263 2127530 1919259
1614661,2412141 339793 1898363 2625550 1741540
598856,1021497 352782 481439 1810185 2211167
2073417,
1549134,
2892624,
1476069,355417 1231082 1797565 601601 1843891
2270049,
1418086,1674086 629547 1497942 150542 1503563
2761581,2739498 510607 2673505 91693 1468920
1115624,
631671,
1811322,2769935 2274991 1471966 353172 2303475
500603,2803840 817466 703643 448567 1919854
1188737,1908265 2497790 1342530 1232929 612004
837100,2532134 1940891 2365471 322374 460678
2663306,2624684 2088312 2605163 2354557 1594902
973634,2302465 470263 375965 1244683 1588787
1024917,62689 1969786 520294 2830114 2550303
1221527,2215089 284353 659702 2005001 1710671
2204568,
2794394,98592 1672685 573265 2760796 1870456
631708,2770753 1409968 2162417 559072 1991718
795551,1512458 2522632 793878 1436204 926002
74663,
992168,
1876906,
1581998,434017 1032155 2231662 1635286 2677522
2827183,
435123,
107447,
2257055,701156 82593 82475 172629 1364714
2958271,70482 333344 1291674 968865 899470
140225,
465739,
926663,1573780 1883135 817242 366553 1757900
1811403,951466 556473 2550303 2419736 1273395
2466764,2871 69127 530524 2681183 923096
1319887,2675667 1010391 705631 2329029 1619914
1123283,70482 1231082 2321168 1918612 904359
1516501,
2204633,619051 1776314 575645 1464658 1332410
2630619,1032155 2231662 2430113 898161 711316
2597854,
697311,
1844195,2061398 12147 251241 1588566 1124083
1811431,
2139112,130881 1421619 1561891 2591041 405190
1680361,
599021,1030279 1840402 2498233 1475573 1741940
2696175,1761310 1835008 98911 1512759 1535261
369649,622747 2321168 75955 2460412 588085
2958325,936121 2656892 2273714 1700653 305743
238584,946236 1970299 2274621 1721734 415570
762875,2427641 659702 2353151 408367 1059637
2171902,
107528,
2073609,2494334 2465107 2157443 792491 1780056
1778699,
1516556,
520365,
467986,
2237464,
1123355,505923 2329851 1720349 2123603 1292636
1104730,
1025056,2333945 2690077 1349553 649764 2536717
1057831,
1287211,2427641 659702 2353151 1059637 1444980
664622,2304553 28518 1192101 855488 687728
39773,613891 2012370
435249,2552998 1993307 2743914 510361 1142853
1745976,1557914 1055642 2809247 1951314 2725042
336953,
1153887,2238490 788066 1341485 2476995 2760262
1279498,
258876,
42051,1332298 1534625 323769 320142 2367246
1320004,1074686 2053557 336114 2349198 2296807
173125,434017 289704 2215089 2005001 1710671
198156,2584911 1913741 1449478 2556810 2408753
1188939,26992 172929 1045194 2382730 1308061
564066,706288 2193714 1754274 1647515 904359
2335822,401208 1087105 1506339 2813967 1105508
1942621,
205929,628537 193998 703357 1216515 1061715
2073709,
337008,
2598004,
1483899,2471595 2747710 1846748 925845 1846959
533628,
1975424,213242 1260126 1582953 600189 1746898
1549441,1998464 1613670 676965 561248 1354895
861320,
2040973,
2761873,1901435 2681282 1244427 2467645 56861
2040978,
1385620,1433780 2507115 1963794 792477 622049
500886,1273825 2529247 2728977 217401 1466936
1778841,
304282,764238 996462 1995345 2452874 2224710
542234,
828574,
2172067,680809 1063168 901889 1289172 1753161
2224326,1812893 1376896 1333072 1338430 87639
1123495,1171613 625318 840275 975101 451529
1418410,
304302,5837 835070 1260126 2541825 433026
2565306,
173245,
795843,135474 1749141 263574 535574 1086198
157436,1487627 760863 734837 2822580 953071
861382,
1320145,
402642,1444699 2254947 1782298 1622105 1975750
1287382,
2925785,2332738 1918612 787780 764238 996462
1483997,2816866 2682373 2281430 61981 1105508
894177,1713399 1940101 817466 459812 1526451
2467047,
727932,797894 2309923 1685492 284624 2476995
1844461,2430113 421998 1732856 1744429 2482409
1516782,
1123572,434017 1032155 162711 2231662 920541
1629054,
1680631,1374739 278652 1893095 75096 1730302
271608,
664831,
2172161,696194 1946127 1931311 512145 1534279
1713413,
533775,2074619 2185771 2063661 964121 1535261
2467089,
2925842,
2958613,
2204954,812691 2475582 2213254 2550303 822789
697627,1524057 320442 335098 1196371 1501477
697633,1691696 1528850 2326442 1471938 1732682
1746214,
1123623,412007 1309260 1023397 1216106 2537801
1615152,1022592 374269 2352882 846801 754109
2467123,2540143 1983876 2248533 2505454 67700
1877310,1739996 970445 337948 799238 1507845
902682,2797953 2009867 925664 2077064 138649
734648,
1090888,
2794826,2532134 964121 1619914 2537098 926099
1844559,734201 758291 253373 2524757 2511890
42321,
271698,1592641 2063661 1688403 1939502 1231082
662415,2813808 1920671 243520 1807399 823424
796000,
943055,
875409,
697715,
1680757,
2237817,
2041218,
632200,
2925962,
2142445,992143 2376238 1430774 1338648 2315525
1811864,448940 1994642 1545366 616944 2138700
664985,
599461,1303339 552713 550941 571298 1562599
796079,
1058224,1977043 2120398 1702777 807254 2787212
2434481,
1760158,
1811898,531721 709930 2445138 701650 582160
9660,2698033 1721024 29108 1412112 1264258
1033802,
239038,
1975743,
861634,
1066571,
927172,
533957,
2762182,
370123,
1081632,1333648 2383901 2658022 1647240 995762
9680,702925 2803552 1715206 1524473 542126
1648081,203275 155884 809762 752403 177677
56227,1418055 2016307 551888 659035 1946855
2139605,2427641 659702 2353151 1142853 510361
2860504,1797599 1855618 1348426 284624 2195395
632284,383695 591008 1656907 1543213 84374
1091037,63705 1617250 2009688 2240089 1357514
2395734,444402 159108 1689686 617593 1826292
1061115,772103 761814 653464 326298 2668281
533988,
1910245,1752119 617865 1402898 2197220 1518529
468454,
1877480,
927209,
763370,270333 1212096 2436869 2300595 2663588
1320434,402619 2037771 850870 2308345 920218
173555,
1091064,1614266 1403918 1077687 1492298 1735336
919124,1185598 2373730 1936897 1346012 2064243
2827771,2367864 1886755 2522338 1166873 1416742
1025533,750068 1064022 1619395 551888 353404
697855,2809811 291222 1580637 1973142 2541195
992771,
1320452,
1287689,
2205194,1160832 120857 1021358 2427641 659702
2500117,96128 2228512 1825243 202266 2624085
140830,
2958879,
599587,
1046670,2360494 684567 2808686 216645 1912357
2598439,2169277 109692 1654258 87424 2126757
1517097,1894967 154578 132222 2723846 1414936
1650951,
566830,
271925,460678 2428631 1628809 2122050 1940891
2303543,2516651 2314885 356886 2269877 588861
1582653,
2500161,
1353282,2134629 1904965 1481147 571980 766311
108109,1770997 2215089 2005001 1710671 1460472
2431928,
1615448,2000889
2795099,82475 172629 2175217 1974790 1288464
1156705,1250447 1300215 198515 2814202 195056
2238052,165646 1326243 270333 199255 2831580
1943143,
960104,
1001064,
1484403,
1812086,
42617,
1844858,2132142 245016 160377 939069 2183898
1713788,
206462,
2631295,
665216,2655087 612004 1368463 2175549 328351
2467457,600761 311440 823443 920905 1377776
1025666,
2631302,120857 2427641 1444980 832422 129506
2008713,
894605,
476781,
599698,2696832 490340 2778442 1229808 2250567
272019,
829078,332354 146360 827359 2605040 251241
2467479,
2827930,622747 2602013 1001916 2635526 2568579
665244,
435873,
2071494,
1386151,
2139816,1473150 1488125 162711 433109 1732970
225564,
1189548,1680363 1867575 139582 1985574 508564
304815,
730805,
2467514,
534205,
1943230,
2893504,
2615769,
1582791,
239304,2234484 2593521 684733 1315482 1598139
370379,583779 1748906 2235995 2403280 2119386
1484492,
2205389,668484 2287776 441920 1629633 2663411
1779406,1444980 2613923 2113250 2279057 2029866
2213496,1994642 448940 1545366 2411425 616944
599764,1041357 1239276 624162 681205 2127417
908238,
296569,
2631386,
730852,1852965 2775103 1426108 220200 1379089
599782,2809811 1903197 2721595 2619816 2446512
1877736,
1623676,
1812202,2052257 1418055 1536294 1870303 1313746
1844971,2104587 1914315 2262731 2259389 430893
2696942,
2172656,2281807 140259 2457545 2759203 2556498
2303731,69374 126139 452942 334634 379359
304886,1248908 2808686 834755 2692092 1910662
1124095,2633362 2049341 2328398 2025255 2103290
1746691,69374 1010391 2353151 1315346 1816150
880940,
2664207,
1386259,67700 1348369 2437007 645596 2773055
829206,
567063,45732 561166
534298,
1845020,2504364 1420072 2729129 1303261 1639527
2262661,1216933 1633613 912478 874415 927732
2008865,2273041 2193209 2302465 50529 1194379
1091363,2715761
698151,
665388,
2008878,
1910575,
1536307,
1481694,
468793,
10044,
665405,418435 1127427 329739 1064960 1384135
2828095,2061398 2624676 1492724 33628 1996526
2139968,
1091397,2085519 541527 1333500 1723492 1239153
1615690,
2729803,
206671,
1451860,490073 1317201 1130570 2532134 2756594
1845077,211071 1063561 907239 35917 943027
75611,
1550172,1903197 2427427 1534625 323769 1266804
2107231,2254522 846161 1220514 1984981 750098
698208,1198190
272229,
2140006,
239472,995478 1304235 935363 2128354 1269812
2467698,
960371,
1319453,
2303866,
1222533,2833091 1404615 2113250 2444466 2559850
2107272,2828368 2354414 1798236 800686 409245
665481,132222 1619914 1856562 136917 2698033
760813,
206739,
599960,
206745,
370588,
206749,
862110,
42912,
403365,
1386413,35917 805919 401470 131557 2220999
1583026,
220147,
2762684,811602 1546470 862022 1304128 2564363
87629,
252918,1515408 811929 684050 1157523 594540
2729926,861841 687234 2110119 734633 1402945
468935,156841 2011413 1124273 2203269 137688
796616,
600014,
1943505,
2478296,
731101,1402945 2027139 1092327 574262 145900
2664415,
2009056,2215089 2005001 1710671 1626649 656496
632803,2007915 688983 2271391 2615608 2590055
1452008,
2467817,
1782098,
1288176,
436211,
468986,82475 172629 634119 484267 1599465
632829,2085139 1961885 2005840 2138076 439960
1878018,
1157123,
272391,
1091594,2286108 2579572 2477476 439672 1183988
403467,
1157134,
2140175,1955952 2754052 2175217 883981 1599465
2369556,120857 921853 82041 2002916 2329851
2172950,
1648667,2002916 284353 2416855 928466 39007
1910812,
731165,
2467876,577261 1193802 272793 916492 1851645
1353766,
586279,2116217 113715 1162934 24333 2236464
1321004,
2404701,
2730033,
2271282,
239667,1497942 150542 956384 2803738 1287579
1583163,
206908,
2336830,
1623733,391394 2224777 1137799 2351826 1444980
1648705,215648 632164 2477894 841632 2775015
1517637,1635776 1530704 729087 956384 782682
10316,
43088,1720089 2627070 1528289 1366959 2767950
2566226,2476995 2419414 97470 460125 319724
206932,
1317902,447927 413753 2820760 131936 1712057
305244,
993373,
174181,
1255526,
796776,
733543,1198204 220200 767284 1666829 760863
1386604,1724915 132597 2089322 372009 545669
141431,
1334292,2624881 2396305 202310 1358418 1948771
2959482,
2205819,
2566272,
1207135,2472048 2124012 440376 479195 1991031
2533508,
1616009,69374 2612491 2020285 2418162 2427641
731279,
1386641,1306375 1278956 1893887 2578180 2036178
2107543,
436376,
305308,1289109 619240 1867316 848235 783982
403616,
2566308,2656296 1287049 2540119
1812645,2504735 70482 907239 447063 458378
2173097,
860157,
2009117,
1252381,544866 545052 1016347 410738 1453382
1222835,1200077 638439 1251946 2392452 619120
1779893,
534712,2349942 1133217 2431459 2311048 997111
1419449,108752 318334 36353 2765229 150105
711711,1539292 1023365 433180 2614683 1322730
2074812,1770997 1460472 2566422 1216189 1957253
1419453,
2107589,
829639,
338125,
567503,2075840 265692 2602013 1592641 156841
2762962,
2042069,1809073 214888 2370204 2807321 1364014
1910998,
1845464,2142416 2408706 1122869 1631953 546577
1779930,
1124571,
1059036,
1583325,986700 2597076 1587291 2537683 760573
1222878,1995368 582122 2025753 22410 2010679
334885,
1071838,
272609,2038537 2488596 378812 751260 1372395
501987,1717856 249889 2123628 218122 640034
10469,
10470,2160902 1857658 2234111 181260 434072
1255656,
2304241,1448056 2302955 2024438 82593 1089730
305394,
1803988,811602 1546470 1721024 862022 600690
1026299,
1779968,19430 907239 2809246 1981654 700583
469249,579661 2524442 2157105 1750408 496200
1616132,
1255686,2211387 1056108 2756581 1197175 74901
2959624,
136741,
338191,1761310 1535261 2144083 318215 1523423
1026320,921853 30822 2431341 2541195 2193695
796946,
2639577,1664365 1026226 288476 2149566 2036120
207129,496861 1799358 936144 1267306 2389048
731420,
305440,
2926881,
793650,
2566448,69374 577455 2329851 1720349 2123603
569737,429512 1655850 90379 706437 368977
2599229,1724277 1942744 1132785 134359 2442944
2009409,2615178 2262 100316 2063165 875487
469314,1835008 1761310 533323 804799 2770740
76103,
665929,
207189,
141654,
1812823,2439354 452942 379359 334634 55961
108891,544276 1874527 248960 2618766 2726674
2568592,
338274,954546 287351 7712 2766498 2523215
207214,2086181 40788 351311 1608490 776503
1780087,
239994,577455 84155 2758493 2717751 2445350
534910,
43399,1509578 951466 1221284 1023685 1554157
2632072,
1911182,1903197 1509246 420164 2636647 27505
469401,288746 1931070 1794767 2174583 1529035
2655983,
1845660,
2337182,
2950896,2020285 2787212 2249862 2144083 705631
1124771,1732970 1374739 1001012 867103 1750419
829861,899370 2245194 1639064 1308633 2354996
1059238,
1525489,
1517992,
633258,434017 2215089 2005001 1710671 1032155
829874,
43444,
1547337,2396545 2186986 1888114 920167 1077687
1747389,1288064 1818503 1292460 1713673 167257
2042302,1931237 1339775 1354669 2255935 1628809
797121,2809811 291222 1580637 56861 147884
2795973,
1059271,
829897,
1386956,
2730449,2138297 2127211 1446664 246902 503522
338391,2427641 659702 320142 2367246 2353151
2206170,2061584 843146 414216 1612992 450173
1518044,412007 1280298 2284196 1472339 1968372
928221,70482 320442 1739321 335098 316152
2402782,
1616352,
2763236,1485307 392178 1090902 2346954 2328664
2238955,1796230 52814 1983209 1123469 540529
1911276,92916 713248 873312 2293005 1843353
535022,1953318 991733 2664998 1968833 1130908
961007,70482 2532134 787780 2650158 2329851
502258,2738619 1199460 1488125 162711 2183209
1092088,
1223161,1841803 2640155 2381638 1915887 2479604
2238972,
207357,
2697728,
1092106,2427641 659702 1957070 1816150 1315346
2042379,1977043 737209 1327639 851820 2486628
1288716,1719941 1440030 854042 1776931 1728580
174608,1754843 1581211 1436059 320442 1509246
2861589,2380245 399173 1243082 2755214 322374
535062,
764446,36209 1222335 2758493 2711849 969148
1354277,331979 921853 2612491 2820626 56248
1681960,
731689,789249 1859114 1109066 1560579 892232
731692,2056418 600761 2020576 1247531 1288064
928302,
1976880,2483250 1155321 2716186 59759 2069038
1616435,1062046 786938 1005422 2003509 1552143
1672971,128834 2695577 73435 271305 948018
2894408,490073 1317201 1130570 1894967 1940101
1256009,
1419850,
666191,783020 1879987 84272 23553 821591
2632272,1376065 2534061 2054397 1306375 1278956
1747542,1341717 1292636 1231082 1339775 2042261
1649242,
2665051,
141923,634119 82475 172629 2175217 2054734
895588,1176210 2236464 1506276 2534526 782207
567913,475204 259229 1005002 230884 1533074
2337390,2082511 484868 1510351 1672877 1287381
731763,1186108 1918263
10870,
1288824,
2828933,1177071 2798594 842856 2785280 2574151
2568642,615804 1747004 2258096 2169752 2642257
1465453,
895632,2020285 2427641 659702 1058968 2353151
2271890,674791 2575590 540720 1289641 1835008
2239123,2798594 2080726 1374017 487356 463752
2239126,407964 2241679 2282866 1269110 1776471
2206362,1849168 1837348 737209 2739498 785723
1157792,
2828964,907598 1054071 86471 1586350 899889
1874925,117364 545669 1795045 470753 761715
1039474,
1929672,2626501 63705 1700653 420164 503522
240307,69555 760311 1761310 533323 804799
487881,2827076 973444 2333442 990261 786781
469697,2170748 2213930 2690105 610022 1861596
535242,
1383543,
10956,1118970 1838635 1675450 274846 1864363
961234,
633556,478590 2787212 1626649 2249862 2144083
1913294,954546 2329851 1720349 2123603 2787212
2861782,
1088633,1812893 1843536 1625107 326394 1186983
2337496,2487214 2022323 148365 2214932 860926
2304729,
1321691,2532134 797894 374590 1058968 716358
207588,1688403 1070096 95800 418435 2220579
1616615,
764648,
2730731,
2075372,1798099 500097 281319 2613923 1457483
404205,
1387246,
2796271,1109177 1996525 786554 1211602 2579012
928505,
318666,
109308,
2204449,98486 1230147 1334597 2463119 1535167
1420030,434017 162711 1032155 2231662 2381452
1157892,
764683,178180 1702451 139576 509573 309682
568079,
946648,
11027,1585597 1795392 1319413 1137463 2236747
1649430,
764696,764238 996462 281319 2028380 573265
535325,
2337567,186026 1832520 43511 1077413 801449
174882,
913883,
2665258,1401857 2674994 2482483 929595 1948109
666412,450142 1265894 1444980 2427641 659702
207662,
338736,
568114,
797491,
979422,2343229 2640772 770912 1397376 2041128
2202761,
1452859,
76608,1889294 469701 2435699 2744948 1174393
1023115,1993132 1983248 1785501 400928 525280
797511,
941196,2706615 339464 2695470 2589758 2120228
764746,
1878863,793634 150052 661447 2641 659797
2173778,2742331 2325489 2402578 1761310 2388012
1420118,
666456,2066746 949802 526449 498131 1776314
2534239,
764768,
338785,
2665316,
1387365,
1452902,
600938,
2060775,
1208808,2427058 1365946 1622238 2005500 1460472
1551218,2582353 1730812 672428 2285654 2793783
1092472,907239 421113 337370 2248322 1699471
273274,853723 2624881 1648877 2401740 1236733
1878908,
2206589,2769935 2046674 649774 1567510 815965
1715071,
1398239,
2075531,2215089 331979 2005001 1710671 1975482
895885,
338832,1492724 1510033 869980 2584498 235029
509763,2675667 1016002 1808498 2665280 2430057
1715094,
535452,1714022 831285 322374 460678 2428631
568221,687234 2110119 818118 734633 729366
797599,
1813415,492792 797894 1396189 1991374 239162
2861994,2380245 470263 400506 2370248 1837669
76720,2158828 1666829 132222 2770753 1409968
175027,951466 2718724 1115569 530492 476704
2075574,
1616824,
895929,
830394,240702 2173254 2787212 314930 821591
338876,1816237 1838336 2003050 1657686 2253436
1290741,
2763715,2182680 1759421 2038537 1760250 2763898
777377,577455 902953 633284 2379801 84155
895954,1980550 2137991 2256646 759644 1271595
1092563,
1387478,
338903,
2862045,
895972,2148726 666069 1056855 1449761 1905111
928744,
371691,
109548,1648594 1063049 1862519 1912149 1553863
176638,
2206710,2157105 2028380 520499 2156392 1585505
2206711,
1780729,
1485822,
2927615,284353 4770 1260126 1822613 2629858
1485825,2651541 2589033 160528 2345998 2462548
2567172,
2436102,
1780746,
1059852,
1387538,2492954 460554 1457399 1788520 1853383
404507,
2173982,
2370594,
2894889,
1977387,343009 153669 634337 535118 1754621
470060,1483798 1706676 2425640 2382598 445427
2534445,716358 689417 1884600 2070226 498117
2590557,1408566 1244478 980161 1646883 422895
830512,1162836 2175217 346780 852283 956384
502833,1083410 1120949 1396306 1918807 1962216
1387572,
502841,
175162,
896061,2504735 424352 1487966 194134 703587
1944639,1418055 974646 2192251 1362791 1510858
2108480,
680936,1491560 2107376 1492724 12147 1816187
2796614,
666700,589900 297447 815524 1922872 2394849
109646,1274284 821591 2192251 1349232 78318
470096,
1289298,575645 1464658 2366608 432440 1046717
306260,2243760 1524050 1525722 2391258 1017258
2698330,2329029 1754843 524846 420164 335098
1420380,
1059933,1700653 1492724 2152573 503522 1765673
699492,736911 2279057 2365522 2829839 301390
273512,
1387625,
1944682,173225 44015 2330188 1720089 830923
928875,
2174062,2428245 527496 2180752 1537749 663441
666735,437253 1365465 1982755 2000954 2529462
2108529,1009045 1127258 2092409 2338689 1017052
193043,581827 318827 882247 970036 1740468
896116,1739321 779164 2427641 659702 1536294
1420406,2198479 2305349 2028351 1246946 2429398
2239609,
502910,1102111 1443903 1364714 73367 1111002
2075778,
2337929,670873 2685269 2785280 1785090 2429451
1813646,2532134 2365471 1016960 2719220 948507
240783,2215089 2005001 1710671 2626501 1621394
1715352,
1027225,
371867,
11423,
1813669,1754843 936121 2321674 2656892 609831
2272422,
2665640,
502953,
1694919,
1944750,3636 7712 71837 1851369 1834933
601272,434017 1032155 2231662 423044 582146
306361,1910127 1386259 839747 2487214 2093746
2206909,688850 332608 393200 1976759 89869
1846463,
2829509,
2077217,2706615 2695470 339464 1376896 1333072
1027272,1460472 877098 53268 1809881 1675248
142537,
2403536,
1977555,2086181 119455 2261071 2266407 2527850
2862296,1675450 1796245 445427 2429450 2178266
1125601,331979 2120398 2612491 2487214 1352107
2239715,
2108651,
1203410,2612511 1404616 963624 1512534 2592733
1682671,880293 935144 1924084 2384911 1011818
175344,
109809,1771809 2287842 923010 1254405 1428918
1066878,160528 2589033 904334 329993 172024
1322233,
503036,2350584 123589 2799304 1016590 2006499
1322238,
542592,2693246 2106241 1462754 2153107 229406
1355012,434017 1032155 2231662 254084 1145974
1518856,
175369,
503050,
2862352,
2862354,
1682708,
2501915,1103766 1101318 2173860 1595121 1960885
601372,
470303,
2141473,
732450,47186 2428409 801554 418195 1176210
531675,
1125668,1139628 1920040 2726674 270761 2790299
170601,638219 1418055 318334 354428 2482227
1977644,2241679 2282866 1269110 1365986 309255
2534702,
1420592,460268 56545 2773746 355417 393793
1289521,930474 415530 1467178 1811414 1372180
33119,
896309,
2305336,
422452,
2731323,
1322306,2493035 196390 430992 2237101 803856
2141507,
2796869,1164512 947432 2035360 1719302 515888
2305350,
2043215,
2075985,2572674 1247531 785716 103979 856702
2731346,423044 1097131 1187282 2567352 2304553
2501971,2386676 1526889 2632498 44064 2333601
1846612,166527 2427641 659702 254084 1145974
2338135,1200077 1106820 412540 1655850 2592097
2895193,
240989,1058968 1940891 787780 1127258 1392485
470377,
437610,
2153703,1573780 1883135 426390 1340847 1762898
1944940,
568687,
624531,
2665844,
2486846,
1289592,
2305408,1721364 343965 998703 2571321 1691836
619072,2132765 320074 1272226 123983 1554678
1125763,
2108805,1861010 1306232 2512075 1598844 2382512
1977739,594728 303307 495570 390198 2328664
994702,
535958,
142751,
2076064,
2796967,
1387945,788066 2427641 659702 2353151 2337466
1682861,331979 501957 1519327 2096809 346780
1733192,132222 1619914 2062738 1856562 136917
110004,65398 2581273 2591207 2197245 563902
765365,750098 1821794 1304674 597121 2388664
2796982,
273848,2612491 331979 1014576 1506441 687716
40180,
175546,
2656159,2329029 2329851 1720349 2123603 343009
798140,
1813949,684533 1242437 412540 2824967 839657
1650115,377937 1638804 2372353 1748356 2284627
707562,
962001,
830931,240702 2173254 1648453 358534 18906
2502101,2027327 355196 2055813 389216 2532008
273878,
1813976,
372185,
1715674,155489 1446008 2484044 1037995 1049247
798172,
1486306,
2797027,
2599133,2703465 1984203 1716759 2809852 1248963
142825,
2829802,
2895339,2612491 331979 1020267 1014576 1506441
2338299,899889 339793 709316 2123089 2827155
2502141,2427641 659702 1058968 787780 705631
699902,78059 542993 1599662 1955280 2159126
601603,
2862604,
2240020,908093 831338 907359 1082382 347502
1125912,2215089 288746 2612491 1119540 37998
1617435,2717561 2754694 595200 2798146 1981512
175644,797964 1198204 202310 1022751 1770823
11805,1291238 84155 1299042 338801 170331
1682975,1879987 2437618 2216662 2717566 124543
1263536,
2666019,
2305574,
634414,2738619 1199460 462734 775024 1033327
275037,1761310 1861596 684050 424352 1603849
1420848,613692 888981 807545 1154274 2735019
2207290,
1453628,
601666,1015267 138422 1646680 926191 1148573
994883,
1814093,2783316 507353 1438052 2094728 2152573
175696,272793 866585 1171113 414143 1773075
322278,220200 1732682 2787212 2249862 2541195
1650259,1581129 2061398 1894967 2262131 1648020
44628,2314098 2175217 2698033 852283 2093746
1617493,1635259 434017 1195624 2313638 1032155
1322582,1127068 1291238 19430 592379 1977043
1093208,1170574 723733 1830553 310059 1981937
765529,
2371165,
1880677,
1322594,
1602150,2809811 130881 1421619 2360494 1460472
2600552,
1519210,2386676 1032155 797894 1526889 1557421
2764399,297596 547546 162711 19813 913507
1982,
2895478,807254 1702777 1466936 2058174 2361418
142969,606433 38607 2386006 2482409 635453
77440,736911 1234094 1145024 237200 1453795
1519233,
2174595,239136 1156397 1716373 2735603 2606234
1912453,2085818 150069 2487214 852283 1060866
2043526,
831111,69374 2249862 2427641 659702 1940891
437899,
1093260,
110221,
568975,2365471 2757179 2576088 2281430 1100835
2371217,1524057 336191 1056953 1973144 1246385
1684078,1102111 1885458 1728580 2139069 1485336
634521,1620053 56989 1895950 433236 1469476
274081,2332738 2787212 314930 705631 578064
1257125,1345619 1517864 2730365 1526392 2556822
667303,
1191593,153507 1214314 628537 1846802 1689686
422514,
1715887,961049 2326442 1528850 1405124 970040
634553,
437946,2528043 840267 2468672 1310656 1398668
667326,1702036 1206809 2339370 661568 1134434
2305732,395066 501957 516310 1080946 475204
2928325,230144 76847 138809 653371 735694
2666183,705631 1498107 1581129 2769464 2504735
1814218,1849168 1766368 2739498 277984 767284
1012343,1426108 1914067 1697778 1639028 2122050
2716280,
2797270,2063661 964121 1535261 1626649 1617152
979577,
2043609,1319656 784719 367075 1630247 2705505
2961116,2308880 1935450 2380026 2027185 655650
2600669,1680361 2367869 2024438 753856 2193695
2797280,1940891 2284627 166750 1488043 2364158
667363,2612491 331979 2002916 1780248 284353
706513,2787212 2249862 1777219 2462680 2020924
285991,
1093360,594728 303307 495570 390198 1648020
1486577,
2731768,1828224 506037 1260531 454226 2117716
2371324,
2580923,
1978116,527409 1941117 160278 1218148 1996410
1519365,
897665,684567 1861037 2591374 408729 180199
306954,
1519373,2809811 2211387 2377550 2625550 1741540
12046,2123151 607052 1432589 2588187 1446413
339730,
2469652,
208666,
995102,
2207522,
2305827,
673756,
1494159,
1912621,320442 1035310 162068 2488729 835150
2240304,
1453879,
1781562,2798594 2215089 331979 2005001 1710671
2961211,2126967 2132142 989274 1350798 1994642
12097,1996526 949736 2047066 2299774 1400053
569155,2576170 1394675 1195620 1139495 741662
2459617,
2568008,
77641,
143178,
2404175,
1552209,1289641 486592 2816866 907239 647579
1126230,
1120994,
2502490,
1879901,1194373 11567 2248913 1976759 804799
929638,
1683313,75638 108752 2666554 160278 2704211
765813,2727618 926913 1913384 2653289 1750818
892223,
2207612,
700285,951466 1509578 1847429 1221284 703643
1027966,
2305919,
1486721,1862086 1304507 1019671 1568291 1657269
1585026,2054344 719992 2198479 1410393 1048436
929673,
667531,1389198 703643 1591977 933781 1087795
2699148,
2142094,1592204 943910 447063 458378 1945148
929679,
1945489,2623058 643651 1162243 996962 346302
2174868,
1453976,
2600861,
1912736,
2918385,1724277 1942744 1139628 456121 1707718
77738,2451768 2779760 1905375 2596395 1404615
1781676,2433598 484539 700509 2482227 1262034
2372523,
2535345,601337 2085877 1770997 130881 1421619
2469817,
488095,
1814460,
1388479,
962497,
2240452,2742331 2827076 2746914 1823396 2813174
339911,1805754 1774045 332313 2773641 549682
12233,
962509,2329851 1720349 2123603 1822613 284353
2273236,
470999,
2142171,
208862,1974790 1397268 1232188 346554 2762014
2469857,
1912804,2170748 935675 327571 58473 723562
1814503,
1388523,1206162 1070727 2366218 339943 1191097
536556,657874 356617 1300215 198515 2468340
941395,1728580 2579224 790552 1448518 1376255
471037,
405505,
667651,
1191943,
1224713,
2732042,434017 1032155 2231662 2081003 920541
2961420,
2666516,2692092 834755 949006 214888 747957
2830358,338836 2810201 1085798 2192384 133320
798746,1709732 1449349 2792364 662717 2829391
765979,
765981,98877 812853 786961 964121 66635
2371616,
2076707,2416855 928466 2412600 1315346 1816150
798756,69374 2532134 2144083 964121 1619914
2764844,
1683505,2820626 56248 550429 2036178 1091253
2928690,
1912883,
274484,
897079,2369095 1744461 1769585 1217245 1867652
1126463,90319 27744 92380 900025 789531
1060929,
929858,
1060933,725071 2077064 1542249 617545 2422477
2666570,179716 1976981 2367222 743190 1703179
2923549,
962637,513393 2073370 445965 1666829 679142
2437207,2335094 142288 336191 2042690 2448253
1257560,769519 1792918 2292572 2126749 2770313
1945689,1852427 553776 2427641 659702 1940891
2797664,
340070,1271633 709316 1761310 959767 2288068
766056,
651964,2424270 1690002 2438931 1549938 2659602
471147,
2109548,2215089 2607317 1581129 2504735 683621
864366,901493 2744469 2196369 1495706 682170
1552501,
77942,
1454201,
1519738,
2044028,
798845,
2338951,2820292 2662405 2756594 1229108 2134847
1552523,545859 658264 2314962 763457 163366
176268,
1781915,
2076830,
274596,
1897158,2098032 318215 1523423 1123258 2150585
77992,943464 66167 310513 2473589 1834812
1257644,
2633903,2554499 2532134 2537098 1977043 2827076
143537,54921 2103457 2297159 1303892 1941772
433523,172986 2499805 699110 1845207 1077498
307380,1110229 2345374 2223467 1815165 2110119
1257655,1073034 1906547 1896057 2451332 177756
2535614,
78016,
1585345,
209090,
1945802,
602319,159686 1560483 2138700 868157 722673
1749200,
351608,
1716438,219607 1690058 951309 1415779 621595
1781975,
340189,1221284 1580873 1385922 1512319 2332300
1454304,9695 220200 2120398 683621 2028380
1602257,
635116,
1683693,58712 2063661 964121 2028351 1535261
646366,1032155 2231662 474886 2430113 1506441
2896116,761814 2530342 1506339 2141036 2061207
2896119,638219 1728580 1258009 138829 943804
1487099,
1388796,2833091 2552998 2002916 1467178 2383862
1945853,2483760 1127970 2308156 1381056 2307899
930052,2798594 2574151 1739321 1977043 2383862
1421575,
2535688,
2011404,513644 1737444 286878 1959184 447927
1290515,
78100,2343229 1282647 2038959 2141036 2061207
536855,
2699548,69374 98877 1515408 2144083 1190785
2535709,2562353 792834 2592648 1086821 452602
2240799,
1323302,1316285 2054734 899038 2652597 2655087
1782062,2211387 1056108 1017542 1998464 1162836
1569501,2056418 2516651 2313638 2212658 2554771
12593,
542771,410377 2478736 2552998 331979 1856562
1159902,2048559 98877 826341 750098 1821794
786033,401803 1524057 959357 2160113 2302955
1454395,2552998 98877 826341 1940101 1713399
1716540,2392297 122669 1933337 2212116 1319656
1192256,1757706 736205 1074686 2106461 1582285
12626,934835 1817204 1590623 1096273 1528850
2371923,
2208084,
12630,2393613 1099748 348589 11102 2634630
2109787,
405853,394974 393315 2423834 213086 7846
831840,
2240870,
110951,2534526 2287074 856339 782207 353301
84028,1770997 1460472 1705213 355467 818118
1258215,
2109804,
307565,1614416 1386755 160278 2630362 1220592
438648,
2350484,
12671,
2142592,
1520001,25032 2343229 798560 584293 1791406
2208134,
471433,2487131 699533 1050431 2185453 2097238
1782157,
1388943,2329851 1720349 2123603 2049341 2633362
995728,
12689,
2437524,490073 1317201 1130570 2427641 659702
1126807,2215089 2005001 1710671 513393 1975482
2044317,1127068 592379 343009 2134847 1627366
1946021,
504243,
1978805,509481 289442 2805280 2083694 203684
215113,260617 1020159 44015 40711 1143768
215114,
1880514,522209 2374474 2272088 203780 1809847
864711,1223372 2772718 1825641 2335662 1753441
831946,66635 1493630 1690058 2034507 610912
1880524,85182 734193 132164 1073096 1208235
2186658,
12750,1619914 2532134 2329851 1720349 2123603
995793,1278418 2296371 1421766 399853 2673524
569812,513393 478590 1510033 500669 684050
1782231,2430113 328433 755159 1087475 379299
78298,
274908,2215089 2005001 1710671 1528681 279328
897502,
1951824,2418162 20815 2178845 567958 1362791
1094123,683621 696194 1047899 2138117 1282004
2208237,
569844,
1028597,2591041 2052257 1861678 1936734 2806336
1454583,1589276 1564765 1942629 2158212 2489546
471546,163415 27992 2405422 910525 1095293
635390,
1416619,198849 170747 871189 2706575 1413621
963079,2082511 2612072 1812893 1380417 1490958
832009,
733706,1418055 318334 354428 2482227 700509
1913358,
1585679,2503552 270761 2790299 2266296 926099
700944,1354902 2559996 1246946 1018200 2567
2896407,
635420,
832033,
1575003,2052257 266906 1364460 1789730 1685522
914182,
897574,258509 829419 1038282 1062046 913437
2830891,69374 2144083 7712 1010391 1940891
12852,406835 1074097 2485053 2658586 2143054
1946166,
29449,2472703 1952332 1127068 2152945 592379
1269173,
995904,
2929219,
2765381,2215089 1953318 98877 2532134 1940891
2961990,594728 303307 390198 495570 1345719
1061447,
2536010,69374 817466 2803840 1510033 1879987
930380,130881 1421619 2075071 2640230 1561891
739426,
254662,
602706,
209491,
1454685,2532134 2365471 1135075 2457201 1017542
504416,
1356389,2729468 2466386 1809151 1194992 2520469
569966,
1946232,
1187263,1903197 1362743 1043534 1281535 612004
471676,
160533,
2306689,1041357 1239276 2347647 2690863 901073
995972,377654 2215241 2508934 766863 1710872
575456,
406150,1186983 1933057 2093073 1984633 2055402
963208,332354 1497936 25032 2063162 2135943
569995,1761310 498131 1977046 747731 804799
340622,
668306,2061398 1996526 1927458 1070727 33628
701081,70482 2158783 1863247 278803 473807
1454746,
132458,709930 531721 2582353 760311 582160
1028766,
668320,
2405027,584371 177496 182398 84484 1265761
1618596,
2962088,
2372268,2532134 1805754 266906 964121 1619914
701101,471328 2252660 144909 1976981 179716
2536221,1333386 316687 1242836 2412600 2683736
1585840,
2831027,2809811 291222 1580637 56861 1625107
1422005,1889823 1945495 1457480 2626717 1993954
2306745,132222 969148 1737001 798836 1687148
2536125,349952 1126944 1825641 2335662 964501
1520320,
784955,331979 254084 1145974 426212 831292
537284,
1624182,607618 2506635 1940519 1819792 1168309
1192670,2392297 122669 2602013 2416855 928466
2585381,2427641 659702 2353151 1059637 1444980
1454823,465049 871948 476097 1492637 1285230
1815277,282358 1846154 2594599 2596433 694689
2831087,
2601712,
2339624,2215089 2005001 1710671 2329851 1720349
996137,235858 1225606 846674 427740 483763
668412,2226283 507178 46310 1653814 2353668
1580501,2783316 206848 2007413 1978455 1147059
1127176,363227 2768691 2142341 502258 2090350
2405130,2396445 2735018 1315551 2285953 1936073
144144,2409115 2094964 970221 1672654 289442
1192722,
668440,
1192733,
504607,
2798372,
2962213,
2896680,
2503465,
116871,1180692 1914829 1224804 220307 2784923
1323821,390303 191902 2481553 899889 1112375
340788,
1258293,2658058 807545 2735019 1154274 1834933
1913654,203014 1105432 529395 2487214 771638
2208569,2008767 616944 2042598 694689 1340613
504636,1645212 1002289 482700 41566 723903
602933,601337 615804 387926 1370250 1719941
2503491,
2356022,1535986 2717729 1685958 88489 460295
668488,2507272 1502241 2569834 1225808 906022
537420,2429451 1814824 2628073 1911323 1470761
138722,
2011982,
1782613,594728 303307 390198 495570 2596395
832342,287351 484267 2816866 876924 211071
2339672,
439131,
701286,1498107 1306375 1278956 1893887 2578180
2667369,284353 4285 2123089 1822613 2827137
2470766,69374 75955 2460412 588085 1510740
2962287,577455 2266407 845175 1517492 2769961
1651571,1864896 1251946 1353741 1677421 2789357
1176382,
111479,
603001,2321168 463752 760311 2433387 174884
144191,
2831228,
963456,
2143110,130881 1421619 98877 826341 2437618
897927,
570248,
2929546,1847201 2012865 1948777 852647 1064137
1127307,2602148 1521729 1511555 932997 2072331
2700172,2062738 306331 2214932 1181731 1439948
2569108,2116217 24333 818118 1688403 1070096
2765717,677653 2410925 356763 1519578 546617
1029014,
1749912,2566422 1216189 2668801 2383862 1940891
865177,601337 2046674 1370250 2380245 1920040
275354,1603261 378275 305668 350427 421128
2503583,
275364,1806648 1207007 2029656 51699 74901
2929575,
865192,2313638 2660781 1195254 251830 1077012
2241451,
2306988,963624 1404616 2612511 972177 693281
406448,1594157 748918 2757179 2576088 2254993
373576,
439221,2215089 1860941 2112947 2171987 2640230
1422262,1139628 326751 1920040 2726674 888224
2634685,2467270 967373 2789415 979795 2080263
2667455,
78784,351350 2082120 2181616 1406412 1730718
177089,
2798537,1305092 2576080 1885313 366196 1394698
961727,
1586126,
2044881,2085818 1075811 2284684 1798053 872734
2503641,1225808 2025677 442581 2400600 526010
1651686,
1127401,1637351 1675450 2754629 890189 2185192
1487852,1460472 1796245 1794767 2735928 2634975
1618926,
2864112,734837 2822580 2512440 295672 1019671
111602,1162369 366803 214434 2135238 2318052
1324025,1317201 66674 813101 447927 1123643
46074,
1291266,1529035 1974790 314930 2437618 705631
2372611,
2405381,
2208774,
2077709,
2634770,2350703 543444 2544197 738257 1419912
865300,
1913881,
46106,
1520667,2485517 899038 2655087 2157105 2028380
537633,2624881 717511 2018238 1652470 1980837
2044970,2827232 2033468 2464124 2530896 1225808
701484,183787 2537037 120581 815701 1918553
1618990,
2536495,1584909 1983360 182671 2827076 154567
341045,2222615 697575 1622860 225473 477457
51380,
1422395,
209980,
603199,220200 1418055 2002916 284353 2416855
1324097,
603209,
1755319,2226790 913765 1685930 1774045 2760796
406606,
1886392,159108 617593 23406 737909 311524
1651794,448940 1994642 2783369 2174115 616944
1225816,1264055 632880 709488 1041810 827402
603225,
962823,1356042 2465107 1342550 2038560 2034090
865382,2681282 326394 535682 2833298 1016193
603239,827837 1142478 833869 1001916 2635526
2667629,
1684591,1317746 1122869 1631953 2003050 1657686
1356918,1761310 804799 2402578 1835008 98911
947049,332354 2061398 146360 1448056 2160857
2176120,15093 260542 1984067 2237787 239339
963710,
1422465,1517492 2769961 424014 747957 2390830
1717379,
275597,2427641 659702 2787212 716358 2249862
1886403,
2372758,137558 404413 831046 1566001 741410
2290503,
2110618,2416814 22806 2310401 361904 1936691
1127580,2215089 2005001 1710671 492792 1580300
122394,
739525,153669 1106820 2248769 12288 1961725
865440,534380 1101318 1148248 2010577 719520
1422497,
603302,1778869 1778564 1032579 2060884 2137481
2241704,1483540 349952 1126944 2345637 1327753
1422505,
2929838,
2077884,2215089 2005001 1710671 821591 1274284
1553600,409693 2507970 1806165 2106258 745410
2274497,2737484 2558244 1318545 1175126 59759
2359473,2215089 1444980 284353 760206 2640119
2110668,1918814 1834139 2035308 1725448 1529035
2798799,2602013 1374739 1001012 867103 1992747
2929876,376889 1052450 1010072 1985813 185817
1619158,434017 1793806 162711 1032155 2231662
111836,
177373,
1094887,1940891 1603261 2589758 2284627 2177516
996586,
1014111,1244553 1797754 1444351 1805929 1038472
2602227,
1979638,2041889 1339242 2529771 2690403 258386
1001684,
1471359,1594667 2522398 1423883 524846 2601664
144636,
1119951,
854229,376386 221065 295029 2775187 1023908
144643,2497790 1784400 2006838 2659474 38405
767239,2747119 1169344 616944 1083410 2713378
1193225,
1848587,2132142 119341 198515 1300215 2044814
1324300,794359 2135254 2622851 2116017 504531
865552,544866 423044 545052 2304553 1016347
636177,1761310 306719 2329357 619051 1776314
2045202,1291238 829162 447117 1769387 1314151
1291539,
2864405,
603420,2809811 291222 1580637 56861 977149
341278,1839876 1318160 377937 875364 813102
1717535,1143768 1277454 801656 2790784 545669
996641,864621 2744835 585397 1584704 1269188
1520931,
2274596,
652166,
46377,
898350,
1553713,
668978,
2307382,
46391,484539 423013 133320 415570 2413815
2340153,1838635 1118970 2281807 140259 1381724
668986,
2176320,1931189 2042901 2654645 2255147 1819295
1127749,
2230497,1421766 399853 2673524 1712497 178439
2733385,
1914187,2364468 2123483 577407 1683834 2392426
2831692,845175 2703576 2725609 2332776 1734686
308560,2011761 1964300 416602 1861091 1253286
253496,69374 2651519 2763794 7712 2201906
2733394,
2962771,
2307415,
1357148,798560 1538540 2329186 1690236 1137321
1652064,
2864482,
1121851,123967 387155 969148 1839454 852283
2602342,827469 266753 2271886 2206413 2696413
144750,1730492 1695868 2527062 1371802 5169
767348,2345450 2487116 2410034 1525328 2266296
406902,
2241911,
898429,
2176387,
1258884,2277225 362367 1947176 473877 560966
2012562,
2569619,2787212 2249862 853723 2144083 705631
472468,1761310 533323 513765 804799 498131
2045336,1913641 51554 2519142 1171712 2539229
1618842,98911 251241 2718724 2584498 869932
341407,617593 2404023 1138866 765472 1356225
1684896,
931236,2410647 1277625 1271199 1851178 266172
1488301,1596092 2325062 2063661 2411425 2563293
669105,705731 1356839 2005523 894172 1121180
964019,
931254,
2536887,
1127864,331979 716358 2506100 1526451 2144429
788724,
2045381,57762 1289836 874415 927732 979842
1947078,1593814 1564818 2172230 2719153 2075667
1744460,2123478 580847 1234730 2302132 546577
2754807,1995973 1606560 256432 1020222 1238025
439758,
2078161,
1062354,
1783253,
2438615,1408420 1417464 454941 204113 1261835
1226200,1140650 1635776 1424081 109659 936234
243171,1214441 2794303 1242088 1806747 546776
341477,2556859 2771213 583124 2541499 1953098
2263292,
308721,
1160693,1337199 878369 1419487 2080440 2174446
1214719,1802574 2532134 2249862 2365471 1418055
2340351,2261071 682920 1379089 2143490 2028380
734123,2729468 1809151 2239681 1871163 1146347
400982,1080427 2141327 707496 1188312 580847
669195,
20101,
407059,
1029653,1492405 424925 1666829 2579707 121753
734744,
2405913,1921600 2770753 2162417 2422646 1516770
669216,
2799137,2809811 291222 1580637 56861 527049
1455650,291888 2742297 1127909 1121180 1397026
865827,
636455,1823972 540178 899038 2080046 956384
1127980,2807260 1905458 1967964 1026722 1083944
2766381,
1324593,2104587 1927458 1240702 2681526 2384850
2864690,2546689 2094106 1355266 464292 2606598
2274868,128026 1070542 2089208 2641307 2798504
79426,
1252962,2619884 609831 2468082 2800708 2774174
2864727,1207661 711176 591049 95917 2314027
1095256,2142341 502258 2768691 2540468 1817081
1029722,431895 924151 2097351 2123151 435685
1554011,1553677 2329851 1720349 2123603 1491560
717754,156600 1772552 1860585 2609505 1278418
800351,
931431,
2307688,1802574 69374 434017 847862 2249862
2438765,
1619568,
996981,1732727 2142391 826637 2786226 2408753
2930295,254103 1598605 387654 214315 2527572
1554044,811401 787323 814597 214556 2037865
374399,2674163 1127909 2788697 533544 474886
636547,
898697,
1455763,437600 1082339 1302933 632083 1635770
1259159,
2078360,
968986,
2176671,688850 2046674 1785090 1744605 801902
1586850,
2766499,
1947300,
2897574,672651 1936036 226020 84224 1734770
374449,2460003 2655910 1944665 2082009 2075651
1390261,
308918,
2373305,136917 393200 1309397 817466 2450938
636603,1733919 1841480 115309 208449 749361
1193662,
308928,
2045633,1955383 412119 1566398 1695918 496520
2373320,
2454476,1993307 1881716 1550737 747957 510361
2799314,498117 689417 103979 817466 1342221
702167,797894 2329851 2612491 1720349 2123603
276185,
1455836,2258096 2165703 1218148 1996410 2062731
374495,471328 144909 2252660 3363 2289217
2930401,
2701032,
2176746,
1259246,
2340595,2215089 2005001 1710671 1521919 2612491
1554165,
1128183,
341752,
2907775,
472833,
1029891,69374 789249 2086181 1010391 2144083
636679,478590 2541195 482700 2829964 1891481
669456,449489 2756594 604891 1993307 262672
2733842,
1718037,535682 2833298 1851257 192008 1292787
1259290,
2307871,1772142 1943787 1091253 2481053 2382384
2930471,
1455919,
243504,
1849141,141821 178215 260964 1632012 1016193
1455926,82593 2042901 2634975 2825132 455245
2012985,
2176826,
1914685,2433487 1742194 141509 1157444 2796860
538430,
698794,1931880 2764508 2618733
2471746,1561891 1927553 2710356 597969 1617250
2045763,503931 893909 1833466 1227054 2021705
603974,
192510,2581328 594728 303307 2685269 495570
1132855,
767821,
2144080,1317746 2630599 78059 1705213 1822613
1357653,531721 709930 2445138 582160 1287980
2766678,
374615,2532134 1580300 291810 964121 1619914
2242399,90379 706437 368977 839747 2809246
243552,2612491 331979 2581364 1628809 1014576
1488738,
2275171,1032155 2231662 600761 2430113 2056418
2439014,1497936 854042 2174583 1841803 1149137
2733930,
1554284,2532134 1940891 2088312 2427641 659702
1908370,
604023,1063049 1553863 1862519 1912149 677017
2137748,990924 782318 1044016 2347794 1051584
79738,
1493311,
1849212,353172 2011001 2390830 594728 303307
309117,2215089 2005001 1710671 2002916 284353
1619838,
1226627,
767877,429512 2612491 1863247 278803 331979
2340744,
1947529,
1095562,1360999 26313 888224 305668 1968642
1488783,1940891 318334 1403082 1148906 1135075
2766736,
2326763,
2853188,330156 119455 2209579 2322966 2006046
178074,2222638 2716375 560738 2385408 739725
1947553,
2176930,
1062819,594728 426390 1340847 1762898 1118007
2984262,
1619891,
374710,1802574 1776471 2249862 1529035 2437618
1050953,
931769,2052257 266906 1364460 1789730 1685522
79802,2074267 284606 721392 145579 2799564
2701243,
14269,98877 826341 2662405 2193695 38607
1030087,
2734025,58115 906022 1182126 1188664 1572967
1652684,1329475 1392485 1988592 499450 1300579
2308045,
1783758,25150 609592 733101 2819749 2670021
1259474,
309210,343009 1283012 487023 1362146 1904255
1356794,
2144222,
374755,
145381,
210921,2374991 2118668 124879 1971570 2671360
833520,
2930675,1581129 2504735 203212 2310787 2049304
309237,
1292280,1216933 1700653 1379326 1827684 476045
1325051,
2635772,
735230,1974790 2346954 1136129 1216068 1485307
210953,
2373642,
2439179,
1980432,2532134 829419 1038282 2418162 1940891
2537490,
2406422,1755333 2567306 477371 58115 797918
833563,
2275357,
505894,319279 802743 1406690 499043 531823
800821,
1423414,
2930743,2291592 1795156 2585553 2138297 2127211
2891974,
833604,1528850 2326442 763119 2663588 2643548
2209862,
2209866,701736 508827 128834 1765049 25855
309327,
2340947,1143365 1799530 1703862 891003 2498552
1587284,
1325147,
243806,2447779 642838 1331957 2393613 1099748
899171,
1751141,2198053 1293922 48723 1269623 2189667
1345895,203014 1105432 1118214 1762660 1925211
2831378,1225652 1260126 74901 302204 356617
1095792,
612605,254084 1145974 1221284 1603261 585871
145533,
2111615,3636 354117 996462 1334509 2300403
1259649,
931971,
2373768,
800905,
1554574,2086181 2585553 2614406 776503 325565
1194128,1091253 2481053 2382384 790191 270463
407702,
80026,2798594 2574151 2787212 2249862 2144083
2373788,
865306,70482 463752 2353151 953241 996462
2767007,254084 1145974 709316 1362791 1221284
2275488,2209425 526921 1003779 2402523 835030
1259689,2002916 284353 2416855 928466 2221547
2242741,
1194167,170075 1458632 1337253 1180836 1969648
1030329,
276670,2832475 682768 2477197 2285142 1445772
342207,1896875 2674602 196620 1924939 720656
2197878,
2177223,
1685704,
935548,434017 1032155 2231662 1288464 2677302
1947863,1515408 684050 1983248 1157523 594540
1849563,
1531600,
2734306,2612072 1380417 938781 2587035 932195
2144488,
1358060,
899310,
80113,
1751284,
375029,
1143849,
47353,240702 836263 1728258 2703096 1730818
702714,
1849599,136917 1763556 2705505 2168446 2205631
635948,120857 1391143 767284 2148366 57762
1149446,2559914 638408 1098861 403608 2695727
899345,69374 2144083 7712 596909 1010391
2373911,1760165 2783800 1049977 421113 1881265
1882392,
1722756,
47387,2613379 2675572 2211445 2470569 1876970
932124,1328553 258790 688983 1921600 283546
106202,
1369855,187080 2245194 1639064 899370 2354996
735520,65781 92108 1567830 510582 1103766
964901,490073 1317201 1130570 2329851 1720349
1236700,1960193 1639299 664949 2557447 2251007
2570540,
2558344,1745139 2770740 256304 729842 1081469
1307699,
2636084,1856562 716358 355467 1884600 1822613
571703,2274991 2046674 2215089 2005001 1710671
407865,70482 2515840 1289641 1796858 2019284
2210106,
473404,1720451 335098 2745430 235858 2828980
865333,
2373952,418435 316152 764238 902953 633284
1325378,687716 1506441 2612491 2713748 1535261
1554757,2321584 1641206 2403426 80182 2625273
145734,2162417 478590 2541195 2193695 1444980
138977,1687167 29534 308760 1666223 555298
2668880,1135075 2457201 1967437 453808 1410393
2013526,2721595 1491856 1808498 2665280 2430057
2079064,1975482 2427641 659702 2153072 2353151
1915225,2298751 2798594 2422248 1127068 2451768
2505053,
2131466,434017 2552998 1032155 2231662 2468340
2339899,920523 984543 847682 1919259 2251098
2505070,1396801 2115920 2786395 381830 2406976
47475,
1980796,
2832765,
1915264,
1307712,2212459 2833018 2197611 2598125 874977
1459331,
2472325,2683914 2437618 1828936 716358 1883491
2603398,
2472329,1761976 1488125 162711 617545 84484
178588,716358 2066452 75638 1510033 982564
1646320,1470828 716416 1115013 37998 1734209
1816994,
2210221,788084 988188 2000701 2193736 737460
2406830,1512154 300205 1005461 1598358 1610963
276911,2427641 659702 767284 2353151 2148366
2865586,1038282 829419 2418162 1931070 705631
1203955,798560 143964 2037072 1000266 231684
1915318,1354902 2559996 1043254 2710356 2139229
1744628,
2341308,
145853,
407998,475062 1536313 117727 1377437 97162
1391039,2271971 1460472 1258829 1675248 1094040
1292742,1032155 2231662 277984 2430113 474886
14792,826341 2662405 964121 2541195 38607
637388,
2079181,
2636240,1698077 287119 2504076 728514 1855004
539090,1581129 1841803 1894967 2402578 1761310
1653217,
2603492,1088654 2548270 2399595 781815 302803
342501,
899560,
2118377,2831615 358156 713275 2709876 2669705
554066,
2013680,2466386 1666829 57762 643651 1162243
276978,
291923,2088312 2605163 456536 408367 433109
1784310,
932343,
375288,
391820,
1522172,1553677 1023332 616604 543898 1687434
768509,
506369,
408069,
375306,
717911,1245397 714466 661997 2243399 653837
1620492,373978 641342 2707860 2238597 2332037
670221,
473616,2369484 2050729 853723 258509 2355206
2472465,434017 1581129 1032155 2231662 1534625
1292822,1770997 1258829 1675248 1094040 734633
1242201,
1161754,
539165,633284 902953 2142416 949006 2646470
1096224,1973570 467896 1028917 2824279 1966681
1325601,1815581 835304 181260 1601651 1489076
1391141,596734 2528885 2493118 921595 1184118
2210342,
1653290,
47662,1314105 147350 1332465 2412878 173437
866867,7712 1851369 1724586 2666554 1984765
1817144,1032155 2231662 277984 2430113 474886
309819,1669475 381857 503522 366196 1241731
1154827,
670276,
211526,
1555017,
2669130,
1325645,2625550 1741540 21388 2581711 214888
2439758,
244307,
2079317,
2832985,
899681,
2636392,
887228,
768618,1849168 2215089 2005001 1710671 1697630
2374254,
703087,1032155 2231662 649952 277984 2427641
637556,1441322 1765673 2188841 1691321 447999
14966,
1718910,
866949,2526629 2091168 2120398 899667 902406
1522312,
1063561,1904965 2134629 1602526 376479 2652451
1391242,
1030801,616379 1314366 1348636 2780989 554296
2394563,289704 2681282 1725448 2035308 2020576
1555092,
1129109,453357 994225 917015 413018 794837
866972,2245252 2040885 2124761 637050 1185598
15006,433026 346780 2579224 705667 1449349
1325727,338836 2199920 1617473 2193276 682343
1358496,
1635441,47739 2184362 564919 1294778 2822611
2112170,
1948331,1836823 50823 1488125 162711 2556859
703153,
2538163,
1587892,1419255 1976759 1314883 2699806 2069171
1653431,519271 1326871 1251775 2253436 830096
2013883,
506558,1610267 1807399 243520 823424 565775
572101,
681179,
565026,
1897592,98877 2532134 1940891 1888215 1403082
473814,
2374360,
801501,
1456864,
2341602,
2079461,1809073 1688403 549848 2368644 1504508
1686246,
1817321,954491 2209930 1309795 853723 1172283
1686266,2427641 659702 2353151 1059637 1444980
899835,2142549 265172 2477042 2201109 1643520
15100,148365 2153072 2129714 673189 1649399
113405,
277248,2290733 1931070 649764 663896 1997760
178946,
703236,297131 825195 1755333 626960 684567
2734853,
506633,
1784586,2215089 904325 2012942 1283162 1318184
703243,1473150 2179851 714272 2710864 88213
146193,
146199,
1391388,1750191 799675 2254557 629136 1191488
2669341,1526889 2632498 44064 2333601 2680613
1915679,
1424167,
1817387,1879987 2437618 815171 687716 1506441
2951645,
1456952,
1850172,2215089 1587300 1492787 130881 1421619
2341694,1142815 17857 1017583 2555263 884861
73525,491821 2191824 2336304 356379 2301031
2702144,
637774,2003921 1819205 892998 2687126 2692961
1324173,180573 354774 2650915 1090482 721935
1850193,
2046805,2325489 238156 183642 2481013 1550737
1850199,
572248,
211806,1031731 246228 1035709 285510 1311805
801635,331979 600761 371752 1965582 1502272
113510,1501330 331979 2696617 2151967 1764480
80743,1263246 2419338 450722 1683237 791444
211816,
1194857,2088312 907598 829419 1038282 2514610
146286,
1227631,
2734960,2742331 2144083 1792918 1092086 1805754
1096562,
1784693,
2145144,2222408 1960430 1614881 535574 346445
2898809,1460472 1510740 1258829 1675248 1094040
1424251,
1129342,
2669439,327368 955771 135474 286143 2710271
2866050,
703367,1225613 261899 487061 1844891 1016109
736136,
1346029,
1555346,
670613,
408473,
1719196,
1391522,
408491,1298265 1960193 1639299 269146 1942685
2079660,
1227698,
965555,
2571195,2135234 264579 1863074 2488596 378812
572354,1817204 934835 2146229 1244553 1797754
2603972,684533 845175 2703576 1310654 724005
1883079,707930 2528684 288872 28114 1322738
605129,
1817547,
277457,
637908,56945 1612698 2608408 811602 520499
1220431,
2505694,
343007,
2735073,2572674 253256 1767386 1923158 1426206
637922,
1227753,2147502 1615674 1016193 697552 301390
506861,1660240 2445350 2222166 1561200 2582260
2472947,2238490 177208 1777379 2222521 1962117
2099712,2229262 2575559 1738512 134184 814656
1752070,
1580887,
1704857,1547214 1505957 1546797 2706875 1805638
1293331,
2440216,797595 891328
838148,
441371,
2800669,2083515 570961 2756141 858917 2148726
2505758,1824227 2158828 2491506 2516047 303115
1588255,69374 847862 98877 2552998 1245397
1915936,847008 1642800 2304550 2358204 823586
2047010,
2964516,
80933,1225808 235858 1366496 1225606 2352594
2800679,434017 2809811 1032155 2231662 297131
1260584,
605226,289704 1732856 1433892 1881716 2020576
2014254,
1424433,
2178103,
1358906,490073 1317201 1130570 2380245 2612491
2210878,
1555519,
1719360,
932934,
801863,
2374731,
417634,1523947 2271935 1014083 383928 1758600
1424464,395066 1827180 869009 694689 1403082
474202,
375901,
2505822,
2243679,2135977 110236 875364 1839876 1318160
1850473,
375919,
2145396,
113784,1527463 2579707 2690422 425526 20551
1588346,69374 649952 478590 108752 2144083
1129600,1911648 2321584 2754629 1037233 262145
1293442,2104587 1253286 1914315 2262731 2259389
2374787,
1358981,1200571 2066452 1366050 1307103 98943
150039,
769167,
572568,
2899100,1087319 413215 738056 490073 1317201
408738,1719941 1969786 2109883 1775879 1362521
2571427,2360440 856292 2566322 1657134 2537640
2800805,1632012 148365 2153072 1863074 319279
980167,
1883312,297131 825195 284353 1755333 626960
2669747,490073 1317201 1130570 2532134 2408753
638134,638072 1870303 1313746 1891358 2483571
15549,
2178239,1473150 2088312 2605163 456536 2781299
703680,2080726 284353 1798099 688481 797964
2178242,
1588420,
1227976,1708550 2569834 1502241 1743239 768836
1948873,287745 1214314 1575270 1115456 831338
244943,2020576 1711973 1115456 1725448 2035308
2505943,2061398 2427641 659702 2353151 251241
1260761,
2079966,2412141 1911323 733760 2136365 1220131
2460197,
2931938,1341717 770912 27744 90319 2289123
2964707,
1752295,2798594 2061398 2221194 2421285 2574151
605420,
2768110,1812893 2343229 694505 1594666 1545366
1548157,
1555696,2116217 24333 770912 1456733 1723266
390355,2427641 659702 2028351 1993307 2353151
1129717,401803 2729468 1423620 2329851 1720349
2211062,
1329705,
15611,1552724 1635529 1911323 2831963 78177
605439,1611143 2535303 133747 713096 2093484
1424650,
2454743,331979 2693107 683621 899889 501957
1457420,2624624 511167 503493 17607 2146114
2866446,2564142 789249 2516723 882422 1458969
2309392,
1883412,2222615 1044016 782318 1928343 330951
277781,
113942,670873 2432821 1715198 1525042 2193695
1817885,434017 2075840 634337 463752 1032155
1695621,1642045 201559 160999 728676 2395841
2112801,2723846 1414936 2346954 4770 2080046
2833703,
18994,1184891 1993307 1318705 2777243 43417
2800943,
2669872,2487131 2276777 1050431 736911 2408456
1948977,
2243890,
671027,
343351,
81213,
703807,1996526 2329357 954546 1448056 1506441
933186,
1326406,1500032 69374 98877 395066 826341
212296,
48463,
2112852,463752 953241 1933880 2322437 996462
1007502,1458599 2360494 395402 600690 2568579
2571608,
900441,120857 2215089 331979 277984 2581364
965978,1353741 1677421 2789357 2767340 1449030
802141,2402578 2703186 1311399 465526 2162196
1555806,2329851 2612491 1720349 2123603 1974790
2637152,601601 959885 1008205 1818133 1254377
245089,2618332 544729
1588581,
933222,
1293672,
2604394,
376175,
1162610,2380245 786961 202516 1705213 470263
834932,
572790,2358991 1316226 1746898 2066452 75638
1162615,1750793 2338689 2154430 2486628 109773
1129848,162711 1418055 459812 1797565 1536294
1621374,
1686911,
572801,
1326466,1326656 964892 986119 1306433 2140964
2440580,1364022 2566422 1216189 921157 433109
1129862,2576170 810725 2487201 270773 520552
1326478,
2112914,
998803,
572820,240513 2029217 2805266 2654645 2364158
1392022,
966046,2721595 818337 1436059 2083129 1699732
310688,
2047401,
1523115,
1195437,
1392051,
179637,
2047415,1940891 2284627 2364158 864621 2214932
835000,1501330 681795 228314 2028351 1775817
507324,
212413,2007915 2640772 1765673 582986 515888
81342,506649 2405269 2634975 1825722 1819694
204704,
2702786,
212423,
310731,151557 256520 2451768 1152211 1905375
277965,
769487,
671199,1802574 69374 2249862 2532134 2211387
507360,
658000,
1228262,1460472 1258829 1675248 1094040 2333717
2702823,1732856 2517944 1655469 859826 2290474
179690,
2244077,216954 1849835 2203801 1162991 1473075
2637294,
703984,2160388 284353 1822613 2629858 1417177
2296403,2869 2360440 856292 212497 2566322
933364,1754843 508827 470263 2077064 24333
252579,2446785 313675 639999 1592696 2637521
2571769,612570 623048 2268606 1464205 1645212
2768378,
441851,
572924,19430 1580300 211071 807254 1702777
1654272,2362148 1463020 747302 2778889 1992876
441860,923350 387886 2817623 984370 139368
1097223,98877 826341 2787212 2249862 2662405
1261064,
1359370,
1588749,2798594 2574151 1374017 487356 2167040
1687054,
540178,
1293843,330156 922076 2322966 2006046 1558205
2235162,761186 1054489 1294311 394095 365263
1064475,1309258 1345401 2022476 1108083 1473683
477786,1860585 1783205 1912509 782839 1255884
179744,
1326625,447927 2582353 69555 2285654 2793783
48675,2069038 1232929 2080171 257578 76572
1556006,2179838 2422646 301447 2718578 1201180
2637355,
1252056,
835119,
1225869,2370096 2411655 499423 2017543 766373
2244148,2215089 2427641 659702 2353151 1747004
2670137,
2833981,1912745 1377881 966353 1394274 711142
998981,2798594 2422248 2574151 937062 2617030
1621574,2427641 659702 2026697 2353151 51679
576097,
867912,
2375244,899889 815701 120581 2760902 2159085
1261134,
605777,
769624,
1162841,
2375261,773842 1291538 133934 469829 1333577
2473569,490073 1317201 1130570 1713399 1940101
1818212,1946998 797964 1302512 432392 108902
376424,2442944 707930 166750 2528684 830073
1785449,
1621612,
292114,
335345,2107642 2630413 2226790 1879987 2607397
1051240,
1228403,1995973 166750 2080964 2811450 212920
392248,1535415 578064 318215 1523423 2605040
2768504,2418162 478590 716358 198152 937124
2375289,
2047629,
48789,2380245 9695 1198204 1244553 1797754
1982107,
638622,969156 25280 1666223 2006029 2730765
1916590,
2342581,
1818296,
507582,
1556159,358534 1648453 829162 520869 2581711
2703040,
2703045,
2375368,
2571977,
2965201,88825 123002 2270881 319083 356331
1261269,
1654497,
1294050,2820292 2624676 1083813 1176796 344852
933606,991733 2664998 1996526 275328 2311879
1837692,
1294059,
2711506,
1818350,
204755,
933623,920958 1919757 646933 2204352 462240
2108375,130881 1421619 1561891 47186 2428409
1064700,
2899709,2726325 1021937 789578 1053187 745056
442110,
212735,
2375425,
2047746,412540 1933880 2322437 1798099 1517492
1720067,
1925078,
704265,2353151 2024438 811929 638219 2680680
769802,
900880,2445426 221779 2389477 1029678 18692
401368,277984 291810 113715 1750818 2142188
1261331,434017 2809811 2215089 1671498 1032155
1163034,
2572059,2668281 326298 336191 1761310 653464
2539294,326548 1652300 1034722 1761310 2775015
1359650,1201914 554094 2110456 692932 634055
1428104,
2472374,
1589048,570961 1510766 2198053 1293922 1740468
835387,
2867005,2541516 1244984 2040540 1439404 477257
1294144,
1357111,
1720141,
573272,1712933 2742331 709488 827402 926099
2834266,2261071 682920 1379089 2143490 2028380
638812,
1586490,415097 22352 2696617 2151967 355054
2146143,
2604896,763035 2463979 2760796 1870456 400278
16228,
507756,
2067090,434017 1500032 490073 395066 1032155
1720174,
2604912,
952979,
311157,
1458039,123002 88825 1488488 1839876 1318160
1621890,1328553 258790 976380 479481 235930
1163144,
203492,
1949595,2534061 403539 533085 2534707 2609504
638883,425526 2690422 953591 2711033 465416
606119,
1051292,69374 1580300 2787212 821591 1274284
1621931,1940891 821591 1274284 2214932 2427641
1687469,
409521,
245683,
1130431,2433598 2411425 2563293 2246382 2821032
901058,395066 98877 1940891 2532134 704158
1094988,2427641 659702 2353151 1059637 1444980
311243,
1523662,
2932688,1298265 660502 2056027 2229193 269146
278487,
1851355,2086181 1282855 2319909 2316686 2266407
212958,
2113507,69374 1524057 2756594 1598204 1448056
1130479,2083515 1365946 2467645 2182680 755922
2244595,2701045 2149139 2558997 1877438 2435699
2211832,
1987493,797964 1626649 2264262 143637 1327753
671742,2202068 1131332 979257 637124 1107948
868353,2448253 704353 1627089 1167807 1781631
1884165,
2930007,599274 2329851 1720349 2123603 2303475
737292,
2113553,2178446 339051 2112331 403917 470811
319492,
2375707,
2480685,
1949727,1906102 786961 525772 244688 571332
2179105,2353151 2532134 1816150 1315346 2418162
2061659,43665 1724277 1942744 1765048 1127258
966692,1958846 1785090 284353 2063661 2070226
2572329,
2900011,2729468 2040893 877063 1809151 1894967
1065005,
2441264,
1032241,
2637877,
147516,1894967 596909 2337816 1136513 583938
639039,2427641 659702 2353151 1143409 1059637
2900043,1250782 2523215 2770740 2579224 1071592
114764,
2539597,2330188 860926 132342 284353 1031592
1425487,2787212 2249862 2144083 705631 1630484
2211920,376479 635344 873546 583397 2755868
1917010,1501330 668310 1961823 1451654 1056953
2801747,
49239,1291238 1766546 2602013 237748 1651484
475232,
1294435,2640119 760206 1488125 1672996 1020159
2867306,812782 1855263 549390 307565 2253107
1818733,
1982582,
1065079,
2113656,2201906 1142171 2684451 1136129 1216068
1523833,
90134,
2736266,1501330 2792080 2408595 441054 1745736
999567,
311454,
1753249,
835752,1506339 542430 2063162 2333717 2545290
1327276,1291238 801449 1077413 43511 2236747
901293,
2269213,561263 261431 2400070 1573482 2525457
2080945,2472048 284353 1822613 2723495 2629858
49334,
311479,1796345 1003901 1878533 1196827 1264678
2179256,920523 984543 847682 1919259 2251098
180411,
1032383,
1384480,
540872,1503563 2225736 2145097 1058590 365574
409801,
2572491,2532332 1754395
2572493,2589758 1064852 895787 908709 930583
147664,2683736 1675450 1019580 1458849 2381615
737497,2650992 2128547 2812905 624162 681205
1163494,
2071518,
1537404,
2179307,
1949934,2372843 1952904 1235606 1762799 1534261
1818870,
1065208,
508153,737460 2568123 1131339 905615 1434977
1589503,596734 393200 1500316 2038867 1362351
639236,
704773,
49418,2085818 2088801 763035 2463979 1717856
213259,1117350 1091253 2481053 2382384 790191
1032466,1165567 1326778 2708712 1662738 1172250
95619,
1149657,1046717 1352433 2260607 1709088 2168346
999708,538441 2143001 499774 302847 71071
377134,2707496 35115 2636708 365280 1958329
737587,1077012 2144986 2250074 30231 366143
2859060,
2703675,
966973,
573759,
1655106,2329851 1720349 2123603 374590 1822613
2801990,2150240 1721024 2578161 1407337 1603162
1294671,
2834770,19430 2429451 1814824 2628073 2174583
311636,2759203 738984 700216 1092460 1914867
30094,
2695225,2234484 2593521 684733 1315482 1598139
639322,
2834781,
2244958,136917 1903984 1669475 2005523 1356839
770400,2630599 650888 2439021 2435798 69127
2933089,874862 132784 1919898 509865 1563420
1917282,
1065315,
2867559,449489 1993307 2053790 2569834 1502241
974909,
13715,
1788649,2532134 1940891 2408753 2365471 704158
737657,1108083 1570022 1267279 1419369 1127427
2474363,
1589633,
1982855,
1753485,
639376,1135075 2457201 80806 1328258 354428
606609,
1491348,2132142 1712658 573444 201196 1201546
999829,560813 1700369 1588733 580441 2819339
2834838,343009 857577 1856317 2331995 2181616
2671000,1968969 2215089 2005001 1710671 959357
934300,1581129 9695 484267 2504735 287351
704929,1814824 2628073 2019622 2823735 808288
410019,578064 2666794 423044 1927553 284353
344484,
541100,
1524141,1291238 2602013 237748 1651484 1278418
442799,
1065393,1381724 918961 138271 343788 2013554
1196466,
2853619,2787212 2332738 2532332 316152 2405422
606644,
1065398,98877 1739321 826341 1918612 2427641
1491384,
2081211,
942155,
639432,1581129 2429451 1814824 2628073 2504735
1950153,
1819088,788344 2382730 1308061 469057 1957445
180693,98877 826341 2266296 2662405 284353
707321,1815898 1736631 1701632 238865 2724887
344537,2607317 628537 528428 1440826 732330
1065441,
999911,2221194 2421285 335098 807254 1702777
1098217,69374 1341485 2144083 186026 7712
16874,2809811 1056108 615804 130881 1421619
2802155,
1163758,
2408943,2199786 954546 1506441 687716 1894967
1393136,
2474483,
672246,
2900473,
2933243,
1262079,
442882,
2867715,36518 166527 2024921 1326509 1661665
1360389,109659 2638324 482003 1174407 2452263
609025,
2362114,2805266 1442975 1600513 295089 1970761
606738,
2540055,1524057 643343 2640772 1409968 1921600
2802200,1332538 2103457 2297159 54921 2149096
1994058,
1688096,1535261 2624676 1163641 1823483 20081
1491492,1246986 1881265 272793 2252916 1697494
2146853,
2736687,
246321,2413046 750601 1081399 263754 1456733
2507322,
2835005,1269385 2139985 1589145 1033906 1875008
2703937,
82500,2283445 1655496 1207780 83582 1716759
581729,807254 1702777 764238 1795156 2118379
1589832,2345374 2437618 2140940 1529035 2581364
2572873,2215089 2005001 1710671 492792 570224
16971,2624684 2354557 1594902 1859722 582631
2769485,
1851985,
1229396,
1950300,1636420 2712946 2576594 710558 1629457
705119,1251775 1306375 1278956 890896 1484324
2736736,
155750,2427641 659702 2353151 2537098 1059637
967271,
62908,
1393258,
2081391,
2114160,594728 303307 390198 495570 447927
1000051,
901748,2675667 991733 2664998 1072422 2710271
901749,520869 1614416 1386755 718226 840034
442999,
2474616,2427641 659702 2353151 1059637 1444980
1163897,2266407 2514292 874977 2598125 2465107
1884797,
2507392,2742331 2627489 2054435 873602 2774204
2769537,1517250 1294536 899332 331026 2812383
1196674,
2769539,
2671237,675243 883981 1599465 1967437 2759203
2671241,
1262220,
62914,
1688206,2249862 530852 134184 814656 1738512
2867855,
246420,
2409113,2328664 2286644 2126967 61981 561185
1226181,
2278049,
344738,
714167,
2376358,2344827 2775103 1852965 1836709 1545366
279207,1793398 1526201 1611143 2535303 133747
2835113,43955 283312 681222 1497942 150542
1098421,2214969 1468008 1506339 616944 1573482
1065656,1761310 110701 700813 811763 222179
2540219,
115389,
1884863,
1786561,2056418 1628809 435011 2228293 59136
1229507,1455365 294929 213150 203383 949493
1295044,2743914 2685247 1327753 1631618 981338
1721029,1645212 704158 817997 850376 2226283
1458886,1840914 1558054 2587971 553402 1670404
934600,
1532023,395066 2624684 797894 826637 475204
2671313,1056108 2693107 2152573 1488125 162711
82645,2721595 2827232 1860585 1933345 1949839
606934,
246495,557578 934605 2320110 2161236 1462438
2245346,580584 961238 2652129 1644872 1832309
1164003,
869092,
2048741,2740021 2148366 1311399 465526 1047538
505297,
2015980,
836334,395066 2135977 616944 356075 1629929
2039933,
2704112,
2416766,704863 2019284 1290377 37276 1894967
475899,2215089 2380245 1283162 1318184 2075071
180988,
1557245,1760693 369713 1679410 1913975 2558590
2147070,874415 927732 214888 1772095 2047412
1917696,
1458945,
1786627,
1491716,2144083 322374 1619914 1977043 2787212
2671367,
2900745,
2638602,1681400 1175663 193860 1157029 2654681
1113524,2523701 1525271 1765673 21388 1516770
1393421,
363309,1015952 1919259 1513759 64908 2694639
1521112,787581 2625550 1741540 1348369 836147
1491733,
2769686,
312087,1894967 1857658 2367869 133371 1535261
1819421,
213795,
246566,12033 691858 2006838 1784400 2356738
1098536,2532134 2329029 331979 1619914 2612491
2638634,
2278188,2383862 2025677 1966853 2521384 2587128
2147119,1761310 760311 804799 2329357 2059033
1622836,1327639 2770753 1919757 1941772 1621589
2802487,2215089 2427641 659702 2112947 2353151
2442043,
2605887,1309258 423044 815171 1016960 1506441
2573131,130881 1421619 1552724 885898 1109066
279372,463752 2612491 2787212 2020285 996462
574289,1598124 2475871 289197 2399947 2593306
1262418,
1603043,1857658 1586528 591008 1656907 2631973
1786709,
2016086,
1524569,
82778,73435 2695577 1835911 1792276 932195
1393511,2624684 647579 1525042 2432821 1715198
2409321,
2507626,2061398 287640 421113 987933 2072262
652775,90379 706437 368977 839747 2809246
836466,
148342,
2307561,1506331 2613544 566368 652350 1966241
2212730,
1327997,2581013 1745139 1532373 2516651 729842
705407,1115456 63688 1950458 319853 2559930
1590150,
2409352,
1885067,
705422,2767841 910288 865279 377937 900579
934801,
213911,2427641 659702 2353151 1059637 1444980
770971,
738204,
1983389,229736 2720106 1702777 807254 2285597
1131423,
82848,
1754017,
1688482,
803748,2338086 2623058 435826 1266798 885077
1262501,
705448,
2900905,
934827,1996525 1464786 2532323 525942 2563775
1065910,601337 1370250 2380245 1920040 2726674
1459128,
115642,1528850 2326442 437600 1082339 2436869
2900926,2556859 236745 843976 2410793 899038
1164223,
2302112,2488525 2666794 402269 928424 940237
1411915,767284 1847429 2148366 1047538 2803840
2868165,395066 2552998 2088312 2605163 456536
2671559,434017 2231662 2430113 920541 1286086
213967,1538540 2292637 2084457 264994 1399869
1131472,284353 1919447 1200510 2742529 1700653
1524690,
2835411,622908 1676768 1014491 186843 1150485
2409429,
1197017,341204 2739970 2204860 34479 2650915
1051471,2405269 506649 1652986 594200 1957434
1197021,2255856 1283012 487023 1362146 753856
508901,
1197035,
2704366,799316 2829839 2365522 2520116 1782931
508911,
639992,
1623038,
1229824,1637351 2744802 1066601 1640415 2617565
1000450,
82953,1229650 2749943 995805 667811 1621655
541706,
2212875,324207 2268961 1851645 1491856 170331
672782,
1197072,1201914 2058949 2317021 1579484 2755678
476178,908093 471614 1353990 1570575 395402
1655827,
574484,2653289 1101318 1152211 2261071 2512177
574485,2427641 659702 2353151 835070 2678944
934934,
836631,
1229856,1056108 33115 1635746 2063661 271305
2507811,
1131558,1761310 2335094 142288 1594666 694505
1262634,2316754 1793061 74901 2756581 2758597
1819692,
869421,2747412 1908193 2487214 2665280 2430057
2507828,
1459256,
1854303,1619914 1841803 2640155 2381638 1856562
2016318,
275979,1754621 535118 2222748 2226110 1581957
1066054,1444699 2254947 1251798 1547162 2139420
2606154,
541771,2020576 388178 2601474 312863 3453
1721422,
476239,705631 1854566 1907618 1370463 2396445
1721426,
705619,206848 2007413 430988 1188312 707496
1983574,
1295453,
1524831,
181348,1500032 1581129 240702 921853 1723308
101222,2085877 2685269 1852427 1785090 1739321
2278502,254084 1145974 2775108 1221284 316152
1393767,1462999 2208617 2123989 447117 1152880
1786985,1057717 1859722 582631 138623 764737
1524843,629473 119078 715173 1019339 2118929
1983597,
1721454,2820292 526921 1861596 827359 2584498
2606192,737460 2083990 1248561 145842 2024438
443508,
1787001,
1590403,2037150 1963794 2418293 1380280
1131652,2729468 1809151 2239681 1632178 2273644
2802822,
345226,1045553 2630190 1527158 1084444 1547214
1603095,775446 2097238 2185453 2252138 1571915
377996,760311 2476921 1761310 1465306 654651
1885334,
1688730,
1787035,2729468 1244427 1809151 711316 1701740
1590428,
1144262,1421619 1561891 2640230 2075071 1536294
1524899,2809811 1984244 501741 1949533 1951410
2573477,1470828 716416 577327 1020159 882365
2933937,1980550 98877 826341 2662405 683621
1655986,1697630 2065947 106575 2556569 2414545
2114746,667363 1454971 1875102 2198545 2000629
541883,
2802880,2359303 1656510 1211842 1149811 1594726
1557697,
2540740,2215089 1309397 2005001 1710671 797894
2737354,
2770128,
214226,
2540756,415343 1672960 294281 1083080 1148248
410839,
1701412,183559 2026011 1392945 1568323 1248325
2802910,
827600,1063561 1018200 2567 2757179 2576088
574693,
967915,66635 1009009 61981 549848 2368644
2540782,
2573552,
738552,
1166207,2211387 1056108 1260126 1994642 448940
443645,
83200,2433598 2223467 135474 1070096 2001096
359570,1319656 784719 367075 251241 43165
1870722,1921600 1171613 625318 840275 830923
2475281,726106 213164 844073 2630254 217844
2376979,
1688854,687728 1400738 2742896 1034865 2462924
2966810,
1983775,2541195 2193695 2162417 2786226 1958300
181536,
2508066,2148259 1484431 2623892 1741483 54196
2278692,2215089 2005001 1710671 2144083 1626649
312613,
2377003,2472048 1673722 1369788 669660 1981654
2114864,
1164595,
1164611,773542 2002920 2421983 1144357 1533108
2049353,199255 1356817 1654555 227537 1366496
902474,
2704716,
1837965,1925922 2626419 516074 181260 1617473
2901334,
1492311,
968030,
1295718,
1394024,
968045,2311500 401253 1484467 1182348 225295
2803055,
378224,
509301,613697 1096656 560297 726258 2050845
1242687,
645450,2235284 623697 1456733 1504508 991891
2180477,2579095 1117476 977979 1561630 2821243
1295744,
1723286,
1426823,1998464 206142 2029747 373136 1103709
2934156,
2180494,
1328528,1771645 616190 1962993 2351020 894966
378257,
2311572,1695360 2101671 1196930 2285171 1032110
2278809,
2377116,
2475422,473807 1677096 487023 1283012 535118
2409889,953071 146283 1488488 1326200 474635
456686,255187 931728 2408056 743906 1473075
2442666,2685269 1785090 2006718 2437618 1529035
312747,
2901423,
2246071,
837050,1380575 331979 98877 2088312 1732727
718410,
640447,1847429 2692092 834755 949006 817466
214467,2651519 2215089 2005001 1710671 656496
2803144,87014 2149262 1511192 419009 2324612
1951181,
2737617,
443860,2221 345350 1900594 2500326 624796
2737624,
1525212,
2704863,2433387 174884 600761 256304 729842
2213345,705631 287640 1529035 1750341 1315346
2278882,
1787363,
574948,
2679036,1924084 2512440 146283 953071 2349522
2737644,
1820141,
1852913,
1066483,434017 2329851 1032155 2231662 524846
148981,786554 1089711 1095015 1060840 1229104
1230334,1160832 1021358 2770753 2471595 1409968
2803201,
116228,1481120 1602526 1135806 699755 571207
1951238,
2213387,
1558028,
1656333,
1837997,
181782,2517735 1124669 1433780 1020657 1833131
1033754,
1558045,
869918,1837348 2165703 2248711 2370248 2608498
1351941,
1138951,2051674
575020,
1885744,
2803250,
280117,649952 2152573 997475 1670431 2736007
2508346,
1361468,
1001023,
50754,
2016838,1614848 2492673 230817 858815 2614879
1472097,
942348,
2639434,1212340 1041413 281925 2310058 1139216
2606667,
1164881,1341717 1292636 1162934 798560 2063985
804435,
2246229,
2311784,82593 82475 172629 1364714 73367
1787498,
2049643,760311 1841803 1377881 1912745 1777465
2082413,2827076 2541924 1594596 2405934 1656907
2803314,240702 2173254 2602013 1592641 899667
509555,2721595 2142188 1368463 2273714 2139889
2279031,
1486657,
1984122,2742331 1200077 1839632 1655850 2592097
2770556,
1164931,2636647 27505 1931380 2077415 1581211
968354,
247461,
18097,
804533,1955280
2475702,
2868921,
50874,
2016956,338836 1043254 1366072 1352101 45548
1427137,
2475714,2235284 487023 1283012 688647 623697
1590983,
280265,
2180810,2478736 1015952 323942 2625550 1741540
149198,
2705113,1599043 574660 1327096 609301 2016049
2901723,120857 1032155 2261071 2174583 832422
1361628,1984981 1220514 600761 1918612 2518157
2868957,
2672361,
1066733,
739055,2566422 1216189 2668801 2383862 2481053
2705137,
804595,
1263348,474886 1510033 22806 2310401 611545
607992,2329029 266906 896797 1103709 426174
1754873,
1230587,
280324,2773746 814946 662583 1162836 250918
1787662,
1918736,2787212 1426108 2665280 2430057 1808498
2180882,
2148122,
1787677,814946 662583 2329851 1720349 2123603
1230623,
476963,
575269,401803 2002916 1162836 284353 1234223
2082598,962296 1172283 1216068 1136129 51554
1918761,
1820458,400441 1960057 1404042 1907690 54906
680242,33850 1765823 2356701 1897895 516310
247604,2427641 659702 2162417 1744429 89869
2836277,2446785 313675 639999 459499 934551
2115383,1838336 2194344 1780258 1122869 1631953
2639674,1056108 877063 1885313 1979603 2630354
1886012,2816866 203668 1573166 2281430 887680
2475837,329851 341639 1800935 346350 2391063
1122613,66674 1317201 935675 2410925 677653
1001283,829162 1725448 2035308 1731083 2498114
2018273,2466386 853723 1090898 698447 1661250
870218,
1394507,1347460 754489 1981599 2060191 2813196
771920,2534061 1366130 1752119 2817807 1148278
542547,
280404,2813580 895679 2207077 725108 1689481
2541399,
2738012,1195327 779598 913294 1804131 874458
313185,
2934626,
1689445,
575337,1071811 2120774 2531924 2349064 1389164
182123,520499 918388 1791492 944723 846416
1754990,1581129 2427641 659702 2504735 287351
1820531,
673652,
2574201,
935805,2481279 348589 2462776 861851 2414957
2312062,2760262 2828136 1468483 877409 2656381
83840,520869 278302 1444965 2774204 1951410
182147,
477065,
1296278,1242437 762967 2735681 1201341 1593614
575387,2304407 1539855 1919854 2579012 2395409
2443166,2787212 821591 1274284 2332738 78318
1132448,2433598 430097 2075840 26992 1903428
2362352,
1460130,2597064 170331 516074 2744805 2757119
1591203,
1656741,2215089 2329029 1899551 2107358 2418162
772011,
1984430,
2967471,69374 1940891 331979 1761976 318334
2410416,
2738097,
1263544,70482 1918612 1619914 821591 1274284
116670,358883 189300 2118203 2512193 1007361
1722304,2683736 153793 1083410 682343 2047122
1853379,
1919990,
1656778,2223256 2237632 2072506 898224 2362558
1034187,2440655 1400453 1983360 797075 2727169
673741,711316 2409115 1501758 245751 2631936
1722318,2801716 2824142 2020472 2008937 2374007
1745229,1357724 1540852 1260660 176115 529645
2395128,
1198037,
280535,2703576 2725609 2332776 2162417 1700369
2045390,2343229 798560 2441475 2680991 1662993
2869210,
2859343,2532134 964121 1619914 2537098 926099
2115548,
2508766,1460472 2401638 2019417 488218 1537130
477151,
2672608,
870369,1940891 2020576 147884 870890 2814747
2690043,
2476005,779164 1993307 2692092 834755 9311
2607078,1056855 1900594 2500326 520673 1538540
259751,1847429 1128670 448567 704959 322237
2541550,
641008,
1722357,
935928,
2213884,
1755136,
2246657,
2738179,
608262,2273041 1364714 73367 899038 1900594
1624073,705631 1529035 1315346 1816150 787780
1951754,
2344973,
1361936,2451768 1905375 815171 1444980 503253
1984532,2215089 2222408 1960430 2626501 829419
1394709,
1230871,
739358,
411683,2386676 1526889 2632498 44064 711316
346151,1968833 991733 2664998 2532134 1732727
1329197,843291 1670086 1923877 435826 1779276
1558574,2427641 2353151 1059637 1444980 1700653
1558576,67995 1280762 2690403 188263 897468
1230897,
2279475,2115920 1396801 381830 2786395 2406976
2476091,58115 130538 2591374 408729 1893887
1198140,1802574 2249862 559731 1083410 939813
1597792,1581129 1894967 537454 2063661 964121
1001539,69374 434017 1635259 2809811 1032155
2771017,511167 37509 461963 1466074 2741124
247882,2416855 928466 2383862 634119 1752119
346188,1563657 37979 161522 2494334 2633410
2836560,69374 2798594 2144083 284353 2574151
1656914,1010391 1521919 2612491 331979 160278
2279513,2703576 2725609 2332776 962296 110989
1394783,847862 2215089 2005001 1710671 2447779
2148450,566737 2108314 4770 2535839 2634975
1624168,
444521,
1394795,
116847,
149616,
2082929,2612491 2085818 331979 1014576 1506441
2902132,274956 1905095 455551 1847452 2790626
641142,
313463,
1493116,2199920 899038 1618745 703357 2508820
18564,2135977 460678 2428631 616944 1532729
2476167,2086181 166750 561011 2396969 2372849
2148488,
2187628,1458599 1852427 813101 2192251 1376538
2902157,2408753 2581273 1774205 2786226 694689
2246798,2316511 1176414 2525928 2091201 1690792
444568,
739481,
1936410,1910127 1386259 2796643 2097238 2185453
477342,
2443437,
2640047,431852 106660 2251080 1915995 2656239
1099956,
1132726,
2574519,1488125 162711 1685492 84484 2446512
2279608,240702 529771 1017841 1223372 2772718
2836668,
2541760,
1296578,
2312387,434017 1032155 162711 2231662 277984
1951940,
2771141,
2574536,2783316 2591587 573265 899889 2671360
1460426,1898953 1918814 2412141 955051 2144224
1099981,
2476239,277984 2427641 659702 1817350 2353151
2050257,2162855 1261235 2497790 999626 1122869
2312404,
1525975,
51416,796292 1404824 349357 2799690 177251
805082,540551 1969023 748789 1282843 919099
1788123,1412059 1259015 1318286 1752642 383311
1460447,1315106 1384188 2302140 1267928 2269134
1515901,25032 590230 674791 450814 329532
1034484,
51445,2742529 74714 1703179 1510800 503493
764413,
2115836,49457 2118929
1504983,
1231116,
608527,530869 136536 335956 381185 1173112
1100049,
2836759,1254031 1815898 684753 2141723 2702907
2476313,2809811 767284 1313689 387886 291222
2378010,629547 16625 836147 913983 2572461
2312475,
608541,1721444 2636809 366916 1197333 135841
2836766,69374 2144083 50823 1836823 7712
1427750,
1881820,
2378030,
2771250,
1722675,
2345271,1653217 1089730 182877 2293593 2157200
2771257,
1853759,434017 1032155 2231662 537016 162711
2607428,660502 2056027 765275 1102289 2320688
1275617,1038282 829419 705631 638219 258509
182605,395066 2675667 1309258 991733 2664998
2574674,69374 810415 1292636 2329851 1720349
1603299,1608490 351311 1855004 2668918 1353990
2081410,2537098 1980621 1732727 2142391 1936233
1984855,1103237 681837 2388308 2656741 2777495
1460576,1659031 2430901 1044295 1719915 1855001
2967905,
2115938,
117095,1200359 2696832 2000701 2208670 1221754
2607468,1786727 270333 1391644 2648617 810558
2541934,622747 959885 75955 2460412 588085
2062056,
1460601,
2443642,2243399 114838 596991 296923 1618646
2509186,
2869636,
936327,2080263 797566 343693 823465 1735303
706955,
1886606,1009825 2833091 1771554 1931880 403737
298051,
444827,1045194 840034 2186189 2363027 1708550
1198494,1849168 302204 2827137 2802758 2112494
1952159,
1952167,1066141 394459 1492333 265633 2521535
2443693,2215089 2005001 1710671 1822613 2787212
2640303,330156 2596395 1448056 2796406 899889
2935217,
2116681,
1165756,
2148809,
830979,832422 84155 2709907 1728984 1770823
560206,508827 2827076 1705213 973444 1056953
739800,1732682 1402945 597969 2642920 406920
1329632,2797953 2009867 925664 135566 2409115
1329636,1615074 2719696 674262 1837740 49716
1329637,
2738665,
2467675,1535068 1239223 2624556 1622238 2429398
1198574,
2443768,501957 2796643 346780 956384 1115569
2279931,
663978,
1427968,
838145,365813 758901 1979556 2803357 143817
2181636,2141723 2702907 17036 2267850 1131303
281098,
870926,1560483 2759203 2766009 2073664 503972
734979,
1427991,637464 2647296 1261059 2419981 1339612
1755677,2304502 1032579 222687 2541225 2182959
884447,
1165855,1588076 2568579 1598243 1882173 22316
248352,119267 2180371 896851 78169 2501833
477729,
2433457,
150057,2012942 904325 2631637 2758597 1339775
1395242,
608813,
2968110,
1165874,812853 66635 1493630 1824891 1056976
958899,
2542134,
2869818,
756831,
2771524,395066 1155321 2745430 2392554 2537098
1641569,618307 2120398 2052938 1314088 1952900
816908,
281162,
1296973,
2804312,114135 2827137 2112494 2802758 1087366
1985114,
608861,1643348
1034847,
2017889,
84579,
2181736,
117355,1122442 2582353 2144083 1190785 394095
1690222,399944 436357 2535364 1861338 2637385
2744765,1492787 1401824 2437618 1638435 2416855
1854071,1952332 2472703 2152945 161993 797920
2148988,1860941 2562287 1228907 547395 1036839
2542205,
1591944,
51851,2380245 2668281 326298 470263 284624
1460877,
1755799,
576155,1196602 1121824 2077286 2341836 2061791
412316,
46874,2215089 2005001 1710671 526921 797894
2804383,
1133216,
576172,
1559214,861539 1817350 2346954 116839 542430
182959,
1133233,371752 2753877 824582 1752058 2507098
1543283,
1493698,
2640583,
2312907,
2771660,2756594 668310 786961 2833243 2666554
445133,535955 2341289 303668 2160648 2418317
1614285,
1690320,
2247377,2440430 2125590 1009354 2516704 2774858
674522,614525 2482970 1706416 624724 2037150
445148,1293328 1519339 729087 850947 1274654
576221,
2607839,
936672,
1198817,
1117307,2427641 659702 1190785 1648594 2353151
2149092,
2738917,2386676 1526889 2632498 44064 1734209
2050790,
2837223,
2804457,70482 2063661 1529035 1918612 1456733
1002222,
1166068,2489151 392985 2431623 999151 459760
2902777,
2214657,
1035011,
2804486,
674567,
936712,
1198858,354473
281356,2163442 746557 183519 1176027 929675
2935567,1354902 2559996 2770753 2204352 1305092
2444051,277984 113715 1750818 2142188 1009045
1690390,594728 303307 495570 390198 2675667
2509591,401803 1658473 1258950 2569834 1502241
1985315,
763914,1535056 2504735 424352 1487966 1616406
1592109,
1657646,
1526577,
2280242,
2673461,1862314 2054435 2499198 1783795 2735928
1723192,404471 775446 2481053 1091253 1898363
1505076,
2476860,
2214720,
2640705,501957 567958 2178845 1599662 1979603
2837317,
1067847,1757706 913507 355054 2692471 848344
2280266,296433 284624 2019651 2356706 2827662
84814,
2051215,
1887068,1996526 2047066 2299774 36353 2765229
1854301,303115 2631599 2377228 1270843 1290524
2870111,
52067,
2083689,
1952620,1022751 2680680 794577 1176210 287745
2476909,
2706286,
2575215,1130577 421998 1410461 977449 1074994
1657715,
576373,2038959 2789415 967373 2467270 979795
2444150,184542 2712481
1696233,546577 1596769 1322730 2735603 1041029
2113071,
2673531,1521919 2532134 2109883 1010391 2572674
358534,583288 1696399 2641750 442679 1412112
1035135,
412545,434017 1032155 2231662 853723 920541
478083,2046674 2352024 1239223 131529 792181
2247557,2321168 374590 2253516 873179 1809073
1166215,
2542473,
2083725,2215089 2005001 1710671 2554859 1706416
1952658,
2509718,
1919903,2447960 2400070 1894967 1761310 2197611
2116523,40788 2266407 1061943 2527850 1133218
1526701,2221194 2421285 975338 993491 1462999
1133492,
1493942,
412599,
2608057,
2640826,2144083 98877 826341 1444980 2437618
1723323,98877 826341 853723 1713399 1940101
1199041,
641986,1491634 320142 2367246 2572461 2673501
1526727,
2083786,875297 1492298 1077687 2759203 1914911
1231820,2685269 1785090 2006718 801554 2134847
2280398,
669517,
587599,1278418 1494502 1593507 2753358 1499193
2345951,
2477025,
379874,
248804,
543910,
2149351,
1559530,861841 2651541 1357724 405190 2827155
52207,1552003 616584 2106250 1370185 1973323
2477042,
2608118,
2673655,1499831 203571 2113422 2307028 369713
2214906,58510 894095 1953374 1451859 871345
84989,
2509823,1037210
1526785,
1559558,
680449,2581933 1977043 852231 848732 1309397
85006,101903 1461476 2142180 2624556 2221547
1821712,
85011,2464964 605165 788808 2832270 758291
2149396,
1068060,
1821725,
2640928,
1559586,
1330211,
1499654,2410041 1810401 575645 1464658 1527800
1559597,
2640947,99151 1648053 2485282 1049386 2043058
543798,2421285 2221194 1221284 1502272 1585597
2083896,
1985593,2433598 1592641 19430 2019284 1688403
2739259,
287242,
1952830,2747690 2207709 843146 2061584 2156392
1428547,1234223 2153072 4770 1091253 2481053
2149444,
183367,
2378825,761814 45116 509481 1973260 1389131
2411595,2085877 166527 2523675 2395561 1212684
838738,
150611,
19544,2107358 1614750 734167 2054171 2279385
2313306,2427641 659702 2353151 1059637 1444980
707678,
1559651,
1264744,1671498 1929210 2365471 1341485 2369148
1887337,
1297518,1761310 619051 1776314 306719 810725
904303,2803840 1994509 1486201 1986302 1492043
2411634,571482 2606702 2046401 2342549 385321
685929,
412794,355467 1705213 1543103 136917 146196
1625211,1374739 938102 132597 1724915 1313361
1559677,
675008,
740486,
1428615,
1985672,
2346121,1444561 2698279 1135880 2436401 1183596
2182287,2370096 667363 2735928 2241590 1137247
674960,2505659 358611 1763290 1818222 34777
1417752,
1363090,
915310,
2837654,117019 1737444 2345637 201559 1642045
248988,
1395869,
838814,1510033 1397268 1232188 114784 2087295
2706629,
281761,
1789093,1234223 422301 1360999 26313 2371771
2346150,
2182311,
1887407,2567352 599274 1057717 817466 1355266
1297591,1580300 1503563 2489012 74901 346780
642232,2532134 2596395 1299042 2365471 513765
2444474,
1363131,
117952,
150721,
1886127,2827155 1212096 2436869 2258096 2248711
1718093,1881716 1789139 2734753 1496446 1638990
2051274,
1035473,1648453 358534 2253516 873179 2320594
2335267,2785280 1142853 460678 2428631 1742911
2608344,2302465 50529 1282647 2193209 2144083
2313435,1685557 1014837 755145 284118 24333
2706652,331979 254084 1145974 1362791 2002916
915322,
1656892,65398 1409968 808239 2721595 162711
19679,197536 1139628 2429450 2178266 546036
2903265,2827076 937124 198152 545052 555406
347368,2574151 2063661 964121 2396445 2735018
2018542,
806127,
937200,1157444 1617250 2484044 2327551 201065
2804977,203014 1105432 1109066 284353 2610172
675061,
707831,
19704,
1789179,2215089 2005001 1710671 2002916 284353
740610,130881 1421619 1561891 1901560 2640230
1516075,1441322 70089 270661 337948 799238
2936074,1975482 925845 1776471 2787212 2249862
1395985,
604035,2430113 1998624 1556267 2273714 1137321
1035540,449489 254084 1145974 1993307 150542
773398,815171 1506441 687716 2584911 503253
216348,
2608414,
1685381,284353 2237101 2581364 2329851 2612491
1592608,
2411809,1062401 2170459 1594726 515117 2195292
806179,
1428775,2813697 1013469 1843625 912616 2020294
740648,1818133 2809246 2642365 84711 134909
1789148,1561891 130881 1421619 2427641 659702
1101098,
380204,55503 2655087 1022592 768836 572514
1756461,1517991 1407258 1487762 166358 2430498
2313519,
2706736,434017 1032155 2231662 920541 1286086
838961,2066452 1200571 697575 1818133 797964
1363250,
2903348,660666 134359 835010 1310695 57762
2608350,2215089 2005001 1710671 2061398 1506441
2239657,1038292 1463935 1392485 947042 2162082
970042,
478527,1863247 278803 487023 1283012 2592097
1690945,320001 877634 577310 990742 362577
412994,
150852,307033 2028478 2622229 2623981 2762123
150854,2552998 287351 1467178 1142853 484267
150858,453808 1510740 1364519 2213651 1456564
2313548,
1067784,
1232212,
445782,
1461592,410377 2480997 1278877 1984752 828424
2602895,2380245 470263 1973142 400506 2556222
2479707,434017 1032155 2231662 920541 1286086
118118,845175 2725609 2332776 1585503 1506007
1068393,2729468 215081 1809151 1227030 1016347
380266,622294 691858 12033 1883233 1784400
2761277,2675043 56945 424695 535574 1341666
1996691,
413044,434017 1032155 2231662 1919757 2770753
2870646,
1559927,
2884517,
1265018,
609659,
1232253,1852171 1166284 879000 711991 1433187
2477438,
544131,
1789323,2696832 733365 1561780 148700 990525
2641293,
1461652,2831615 2108927 1963492 1391461 1244164
183704,
1756399,1904531 2329357 531721 709930 810725
1199516,
1658269,2221194 2421285 314930 1231082 2411425
904607,1337199 878369 2605040 2459136 1140098
2444705,1127068 592379 878555 485548 2715344
150949,844073 217844 708480 2472172 970135
1592743,1847201 537016 507353 1981361 1207409
1068458,767509 270761 2790299 2665365 994188
2961989,
2215344,
85432,2069038 1232929 2641044 1024971 1857552
708026,1460472 2427641 659702 1940891 2353151
937407,
1265090,
150980,2501815 37302 1440388 161939 2381917
740811,
1134028,1045262 1748876 2740178 1257150 1015173
1887694,2288793 426174 1162772 2538571 1695113
2903504,395066 316152 1433892 339793 555638
1854712,288746 130881 1421619 1536294 787780
243619,2427641 659702 1816150 1315346 2353151
96164,
2117089,
2117090,
2346468,807254 1702777 2525457 1573482 251793
773609,130881 1421619 2380245 1561891 1065476
347629,
2510319,492792 2199920 1998402 258509 1444980
151024,684533 1264055 974646 1666223 2198545
1625587,1567510 815965 2756594 2427641 659702
2379252,1529035 1456733 739993 2792639 2406525
52730,1965582 779164 2612491 322374 2650158
249339,272793 2372420 1773075 683473 342698
2706941,98877 826341 2662405 1839876 1318160
1265154,
1068549,
1740033,
2969096,
2412054,
2575895,69374 1273825 408692 2427641 659702
1232408,490073 2763794 56945 252259 1975482
1232414,54275 2322283 1075990 2000311 292833
2674208,121753 1612626 1379089 2143490 2157105
1101351,473807 1677096 1433892 1283012 487023
2248235,1260126 600189 1582953 1370463 2396445
2431704,
2018861,1674348 214140 298755 804057 1799752
2160563,
118326,
1374132,434017 2209425 1291238 1588076 1032155
642619,
1068604,1176210 1591743 1803671 890097 2228885
2051646,69374 2144083 77061 1056953 1246385
282179,
1133260,2225707 1730466 622294 2719703 1041810
1761889,1023332 100519 2579224 5837 204133
440247,
347727,56945 424695 1341666 1546470 251069
347740,2427058 1413864 2595250 1391524 937919
1101406,
52831,2787212 2249862 2584911 2144083 705631
2805361,
2674292,473807 1677096 2086932 2798784 305366
740989,
1953408,
2428182,671434 1150974 1739996 970445 2062254
413319,649774 399787 2705505 1763556 2205631
2051721,2525655 248348 1298700 62276 2247585
904846,
90733,
904848,
1953427,
183959,69374 2215089 2005001 1710671 318334
1494682,1206499 2019651 2356706 683065 2141036
1144774,
118441,
708267,19813 1796245 835150 22825 1461748
282284,
1101486,1026749 429447 23947 2080046 956384
1101487,420903 277984 27505 2636647 377654
511666,2124012 1048111 1458606 1168306 725639
183987,
1396404,2478736 2665280 2430057 1808498 2595250
347843,1977043 1976759 818118 100218 1020318
1232582,
2968865,2215089 1746283 892232 1444980 1879987
221815,
2641615,21107 656777 776008 2282356 1484441
1167057,1323946 597443 2758958 531823 1406690
2117330,
1887523,
1406926,
1789661,
2805470,
2575655,
1855214,
184048,
1363697,
315123,
249590,
773886,2370248 2093746 302204 1815581 198383
1167106,307027 2763898 1760250 632083 1635770
478979,1289641 99241 424695 2655087 2773746
1199404,2737484 508827 2264618 1200846 295998
2215691,920523 2215089 984543 904325 2012942
773902,
1068818,
347923,
1068821,332608 119267 896851 2180371 1338430
2314006,
2346777,736985 2713074 1057717 87014 417494
1298204,
1756960,486592 933472 875297 2827232 1485172
970531,
2969380,556361 690194 599274 1035434 1771809
1068837,
2936614,1754843 2478736 925845 1491634 1535068
2428209,2085139 360854 2073396 752443 995478
1265471,
347968,
154525,2777243 43417 1121597 2831615 1821410
2477897,
708432,1386755 1614416 1037233 262145 2000797
1876622,1138831 781235 1502694 2634338 381181
1429336,
282457,2775108 2359957 2075071 2640230 654272
2576219,
2641756,
872285,
743736,
2510688,
749082,2310787 1142853 924689 412860 2361560
2002236,
2609005,
2510703,
2576244,2705154 407630 2456910 1044440 400233
1903934,291810 2683383 795344 2055475 241152
1593207,
1822586,
1724285,572426 1353363 2714607 2502279 1078238
53121,1316285 22825 835150 236494 1984931
216964,
2674571,1251775 1306375 1278956 277547 369845
348049,2365471 964121 1619914 2537098 926099
2667400,400928 2299524 1109510 2391125 1448195
2146931,
905109,2077064 1947444 1250447 2666554 2814202
2215236,
1527706,2574151 2466386 786609 2163442 98911
1134492,2442889 568996 2436009 2636843 441937
811674,
282529,
1593252,2582056 2501190 2352536 677793 541220
2346918,1793806 1443903 745580 1382810 1343448
2969511,853723 1292636 1339775 1172283 1898363
1680028,298380 1817998 29540 2212333 1183858
1003434,
1200043,2332738 1918612 787780 1408432 700583
774060,1588076 1582437 2462090 50578 504216
282542,
2510775,
2740152,
2936762,
1482099,434017 2497790 1342530 1032155 2231662
1986497,
2641859,
1724357,
85958,
2379726,
2084815,
479186,1017052 544101 1442648 967740 408209
839636,440763 891003 2498552 2545108 2821565
1045983,1580300 1732856 2188687 2787212 2249862
118743,2215089 2827076 2005001 1710671 826341
1560537,1761869 2466386 953241 2264610 2314098
544730,
1658843,
2707429,2575590 2040893 503253 1728984 1861596
85991,
151528,309255 1215303 895901 1000615 37998
577513,
1232879,
2379760,
2084855,
2969593,1135075 2457201 1165366 318334 2761042
708606,66674 2798187 1764480 935675 75204
1789955,1588566 251241 1019671 531721 709930
2248708,95622 1668780 3888 1142337 1032147
1298437,1426108 2552998 1521919 1023332 667363
1331206,
479246,
1069071,162465 2259629 987566 689606 219464
643094,
2609177,
1101850,1918814 2713748 2377550 97234 196312
2510875,1581129 1163496 921157 2504735 2070226
1691676,
1003554,
1593380,
1658917,
1560616,622747 75955 588085 2460412 258509
610346,
490601,
2117688,
446521,120857 2088312 408367 1906102 129506
2406410,
938054,
2150472,387926 1919447 2770753 1409968 2162417
1396811,
2478161,
2740314,
1658972,463752 996462 2179838 138271 2182957
1265757,1152211 450173 1523947 2271935 1014083
2412638,
2182502,
1921133,2418162 698447 1940522 1661250 1090898
2642032,139368 2134845 2373094
151666,
1724534,
1527931,2649610 2168609 1163433 21081 274765
2674815,2729468 2396545 2769464 1899506 2302955
2642048,224657 49130 218343 1548973 488611
1527937,2054734 712889 2813256 1061729 74901
2216071,
1396875,976588 1085841 1604467 275947 1996055
446608,1588076 2738174 1577023 204273 2627564
1548995,
2117780,
1364122,2085877 1010072 1985813 185817 2427014
643227,473807 1677096 326548 979257 968865
774301,760311 251241 498131 303593 977979
643231,1905375 112513 2705323 785727 2618909
2319046,
872614,1443903 1256155 2561854 420164 798560
1434312,414152 947497 17760 1192194 1085830
86194,1364714 73367 2316511 31152 1685183
708791,1073677 1828926 690344 2705762 2793835
2575732,
970939,
544963,
1364165,
20679,
1336012,
1658231,
512205,
2609360,
1986774,
1691001,2548220 1717421 810420 1322476 2705323
1364184,
282843,2174583 202896 1456873 607353 407300
1462492,
2052325,
2202590,2098032 318215 1523423 138656 2076787
676076,
1363325,
1441008,
1626356,
642430,2769935 572219 1471966 954546 2170748
2838783,
2150662,254103 1598605 664949 1208264 1452119
315657,
86285,1125324 1345401 502195 1083410 1603234
413967,
1133955,540720 674791 1163433 21081 274765
938272,1855618 1348426 1216277 2562353 2392554
2150694,1194568 2827155 2211921 1075027 2155110
86316,
1724720,1552918 2777845 119455 1389131 1973260
610609,
1069362,2380245 400506 2370248 1837669 929413
545078,2103290 2025255 2328398 2735928 2462090
1528122,403986 1573829 2344351 1877964 2026376
2347323,
1954109,
2635829,
938306,1712933 688481 2085851 2223940 218343
986507,
30774,
53574,2729468 1809151 1626649 877063 2071967
1293682,
2085198,2085139 939069 2183898 1686228 1249007
1331535,
2792473,
2511187,
1003865,1808498 2665280 2430057 2506100 1775865
2380123,2787212 2332738 2532332 316152 2405422
2380125,
315745,1588076 1648453 358534 335098 1502272
1560930,
649916,2599152 1602196 904359 144019 1135220
2314607,
2576755,
2062400,
2838914,
53638,1231082 2330188 2642365 1743239 827038
2728684,622747 75955 588085 2460412 2216662
446858,
709003,
1200532,
1692054,
130419,
1003929,2075840 2443139 56156 899889 1535261
683743,
545183,307095 2659130 1503585 2564293 1251887
2674075,
891058,
512425,177235 1510740 1364519 2213651 1456564
2019754,
2314668,
1200557,1526889 1641153 857452 1326753 1862090
1167790,
217522,
348597,2022476 300205 2796464 2327394 939175
2183607,1366130 611545 2074065 1188585 145475
1499892,2422646 1409968 2162417 21388 716358
2280863,
840128,1626649 2637013 1044718 2379008 2237101
1724868,
2380232,
381388,808239 1437114 1822474 2814202 195056
1724877,759644 1211602 376386 801990 2054968
872910,
1757649,
1954259,
643546,
1659362,
2052582,
436059,
2281966,
414192,2221194 2421285 2002916 1231082 1797565
20979,43665 1380417 740688 878509 2342024
283126,
2249210,
1658282,1271633 282100 1311399 465526 460678
807422,
53760,
2342264,2813697 1835008 2104587 1637130 502393
152067,526921 24572 2634338 827359 1959184
709124,
807429,1673659 682883 1085205 2477069 493079
2347537,545612 1684481 777853 1579484 2058949
2478614,2581711 1983764 1429271 10414 235858
2183706,
545308,1001048 2071229 1916619 460132 1994399
1964122,
1286917,
545315,120857 2215089 2005001 1710671 2532134
2839076,
1106694,1685183 1733308 2492954 460554 1457399
2150958,2649610 2168609 2169752 1860585 990261
2609711,132222 98911 1619914 2162196 830096
1495611,
260192,
414278,
2347594,
447053,
1495632,594728 303307 390198 495570 266880
1985976,
456803,331979 853723 1172283 1898363 498117
2871892,1847201 2218096 769241 1555035 2360494
2477498,
1233502,
709215,2596395 1300706 1738568 16596 2033932
447073,2302465 1460004 313675 639999 2446785
1692263,
1102444,
2118255,901493 2050517 461312 258509 901573
53874,1798099 1506339 913507 845175 2692092
840308,
2609784,
1888890,
2871935,
2151044,
119429,2612080 133092 784506 2308880 33850
512648,2437618 2568579 1666829 1231082 1991374
2642569,2681282 1918612 1345401 839747 2516651
1299082,
2544268,
217741,
1364622,44431 195997 2496247 871948 993553
1303513,2381445 1383432 2221841 270143 2646138
2478743,74605 1298065 577455 1648453 358534
1200794,
545436,2215089 2005001 1710671 2321168 2468340
189470,
1069739,
1331884,2427641 659702 2353151 1059637 1444980
1954483,
1495732,288746 1931070 1792707 2424481 1536294
2282166,
2269985,
21195,1618745 2708140 1985150 1049395 2192251
316118,77341 1456428 2078821 1523947 2077286
1037016,
709342,716400 1849168 1327639 920958 1919757
2118372,
119526,
1510865,2646712 269945 1617152 430992 2406065
905961,1618745 2192251 365574 1321795 167436
2937579,2743914 2123089 1797565 1346073 1982463
2661973,
1790707,434017 1032155 2231662 2380245 920541
1037048,
2052859,
609558,2002916 1529035 2437618 705631 1822613
1692426,906881 792334 1770200 1361062 421376
2958125,
1790737,851820 2486628 2160902 2739498 302204
774937,
1135387,1130577 1706416 2630256 2665365 2706476
1364765,
2642722,2325489 2524442 579661 2063661 2624261
1528611,1648190 697101 12147 2508934 766863
480037,
1463078,
1430314,
1659692,
283438,
2052911,78059 332608 1358833 2349010 2630599
2806576,2148366 1925211 1047538 1943055 2063985
2511666,
1430324,1370463 1051584 118772 2481941 1530368
2118458,
2872124,
2806589,
2511678,526449 2139229 1842872 565293 2349739
2478914,1426108 2421285 2221194 671434 1150974
86856,293379 1348274 16306 708316 1743215
873292,2809811 2531604 291222 1580637 850376
906062,775080 1031178 90521 1182908 378726
2511696,
2085715,1489155 1239301 1425706 2103502 174456
676693,
283482,1581211 1020159 2028351 1931380 2077415
1758044,2069038 76572 1970039 1539292 1023365
2872163,1574409 1345035 2724545 2539223 725456
2151268,2215089 331979 2005001 1710671 1621394
1790823,
2020200,602470 24572 2501413 1089782 2011600
1987438,2016102 825328 1274717 155532 179870
2118515,613697 332354 2061398 146360 1927458
1495925,667363 2464585 520499 1328580 115240
480118,
2184055,
1332094,
807808,
807810,
1069956,
1538198,
250758,43165 2514610 711316 1392485 1309260
2708361,
1528715,
283536,
1069971,284353 132222 1619914 1703179 1822613
2446228,
283541,
1004442,
775070,
1430433,2789248 616945 1870888 1209312 2129024
2708389,
381862,
381864,2798594 2574151 1145974 254084 1088244
1954729,
2151343,
1659825,2433387 174884 2056418 1568323 1797565
1070004,572219 2819411 1852965 2775103 853723
611257,2330188 1774398 1518529 1458969 1868051
2839483,1914067 1697778 2484384 409814 146196
676804,
283592,
1201101,2581328 1655850 690338 2029457 359818
611279,98877 1894967 1465306 654651 2252146
2773968,
2937809,70482 333344 1291674 429512 202646
2315222,1820830 219868 2156392 1036327 1851413
2493945,
1299416,1188378 1926970 1075006 804234 2483278
2596513,
1659868,69374 130881 1421619 1536294 2427641
2053089,2763794 98877 899889 1600528 1120210
2905062,2329851 1720349 2123603 1841803 596909
1627115,211071 646236 1143450 2584429 832836
1528814,2243399 719700 127901 1304507 641178
2315248,
1692661,
1299448,
2970620,
2872317,1406990 2754963 2723495 2407754 156600
58197,1460472 284353 1675248 1258829 1094040
2544642,
1561606,
2543106,507557 1863074 2462964 2458781 477257
1969115,
2282520,490073 1317201 1130570 2532134 2427641
283674,1387543 84155 170331 1011285 2379801
2184219,374590 1492405 1809073 121753 1342128
2839582,1705213 132222 2705505 1763556 2168446
513062,
2085927,
1114761,
1496105,
2774065,2111345 18906 1534625 323769 949736
1791026,1903428 2820292 484539 801554 2624676
349235,
2030505,
1889336,1077498
1528889,460678 2428631 1345401 1628809 146196
2282561,2648165 1446411 2827455 1096595 2540855
1954888,
21578,
1430609,
1332306,
676947,
906324,1812893 2668281 326298 1376896 1333072
87127,
2184286,2824967 1362743 1043534 1281535 2254304
844645,
185441,
2193595,2345499 2742529 1853631 1142291 9789
1004644,326548 337948 799238 2817623 1625107
1528938,1697948 2693019 1989104 1230107 2108927
1791085,
54382,
1627247,
2872436,2474502 79401 1411470 1443939 346445
2970741,290263 2555456 1429671 591790 1265973
1453014,1135075 2457201 1315346 1816150 2361560
21627,2822580 734837 1161532 865484 1593507
2903574,439609 2371588 776503 2022010 1331208
2774151,
1856648,
2512010,213164 742607 2418558 2489504 2258323
1347095,939659 133371 2789415 2467270 967373
94417,
2774160,
2741394,391597 1991718 1359642 818337 1761161
2118813,2798594 2215089 2005001 1710671 2574151
1889438,
21663,
2053282,615250 1842913 1818349 2169752 1304584
2938020,
513192,
1201323,921853 2162417 238156 183642 1587251
2741421,2086932 2798784 429512 1863247 278803
2799816,
2568151,2016307 2353018 2536717 97234 196312
2184375,
840888,
1594553,
808125,
1791168,
1201350,1073461 778160 706288 2193714 394795
1529031,
1955016,
775371,
1758412,2809096 2546714 1568157 220713 2309397
1594574,434017 1032155 2231662 2430113 2146682
939219,1283970 2516651 2212658 1673485 1804556
2577620,
1299671,
2315480,
414946,
578789,97922 978696 1238922 2304147 1245595
2479336,2556859 2796643 2771213 428736 292500
1201388,1528850 2326442 2033468 1993307 2182669
189309,2788697 533544 474886 2162417 2637856
972018,1585597 734837 2822580 1142633 854139
152831,683621 1846003 2239733 691757 2024921
1713025,2798594 2333945 2574151 1448056 2690077
2362924,
1070346,
2905355,696746 1840402 2498233 1475573 1030279
451458,
1266958,
513296,
2231854,
2086169,2146682 1913101 4770 420164 561790
1332507,130881 1421619 277984 1561891 113715
349887,
2118949,1744429 2508934 766863 410815 1710872
1758511,1317746 1870303 1313746 1891358 1648594
1856819,
21813,2380245 2761726 2303104 1091253 2481053
742712,
2135691,
546108,
2872637,
1725758,2088312 2329851 1720349 2123603 4770
2020673,2831963 519768 2410355 1961809 1108968
2654355,
21835,
709969,1460004 882247 318827 2684335 15073
2839890,2607317 900853 2218096 1555035 769241
709974,853723 1911323 1172283 1898363 89349
2807127,2077064 2422477 2693017 226595 427718
1889630,
2446687,
588006,
2708842,
677228,220200 561011 2396969 2372849 1605811
1856879,
2540879,2476953 2412141 34005 2781887 2039324
1365363,
218493,69374 2215089 2005001 1710671 1083813
2119042,
415108,
644485,82041 119455 1142498 2063661 1087808
1332615,478590 1611966 1721100 2130750 388420
644493,733760 320545 1456407 616604 2769337
906642,1149201 1559869 945873 77606 1173025
2479508,19813 2052257 266906 1364460 2572975
218517,
1463705,240702 314930 2063661 860567 2349262
578971,
1816817,1513070 1251775 186026 600761 1711973
2250154,1529035 2070226 2792639 619367 2480117
972204,170535 847862 490073 1317201 1130570
972213,
540840,
841149,1761976 2532134 2584911 2813358 2174285
2512322,
2545098,
91295,61714 2061398 2730242 1739521 2614450
2938319,
316883,
644565,1797565 1057717 1450054 378988 2151421
710105,
2184083,921157 2785280 638219 1721444 2636809
1529311,2532134 1315346 1816150 2353151 98877
2676196,2783316 921853 797894 2162417 622908
2151916,
383719,2069038 22144 2327551 2553330 2188841
1267196,
1627645,
1467895,
1267201,
2905605,
2774535,1761310 2335094 142288 1142057 1810401
1299976,
480780,2833960 2021858 2018000 1101037 2185179
2676238,
218639,65398 808239 1822474 1437114 327227
2577937,
1791506,
644627,
1725974,
1725975,365079 878920 2609935 1097379 1152237
644640,392232 2668147 2561306 247907 2690251
2315811,2140940 1460004 2625003 2416668 2157916
2971176,
2446890,
129287,
2905648,
2217527,960446 1245397 2387964 784542 2080535
2348600,
611900,
2446912,
611908,1618745 2192251 1517319 365574 1321795
844726,1754274 1647515 2018238 717511 1736631
87622,601337 2809811 1370250 98877 826341
2204599,2042973 399635 2149791 776563 1549930
2577997,
2629268,1194580 2753710 347372 2118688 1878587
1988180,804234 2483278 1883233 1533074 1225984
2414171,1377881 1912745 1709732 2792364 135566
1436689,
1529438,36209 1222335 1581211 1436059 2320236
415329,2215089 1283162 1318184 904325 2012942
2578024,
1365613,2088312 2605163 456536 2109883 1521919
120436,594728 303307 495570 390198 2329851
2423060,
415354,
2250364,
448127,
2545285,737460 423044 2787212 2249862 2144083
1824391,943910 447063 458378 1540699 12147
2668823,725639 1669475 2224276 656777 2803834
1693325,2329851 1720349 2123603 1292636 1619914
2741910,
1758873,505923 329851 402229 2760902 1154012
2774684,496861 2093570 368836 2675738 2342619
644765,746557 183519 1176027 2833018 2364989
1136291,1910127 1386259 996462 74901 316152
808613,383917 2460574 1315723 2432161 796224
2578086,179813 1974790 1619914 331979 486592
1267368,
2643625,
2086574,2487131 1256190 509645 1638268 1021993
2545328,508564 579080 531468 562251 753979
1070770,96565 100218 1020318 1529136 90119
1627827,
939700,1494990 2693107 787948 600761 1633613
2250428,1127068 878555 2003509 1867417 1223665
2086589,
22206,
2414271,65398 771638 1201777 808239 2600293
14624,69374 2144083 322374 7712 2052257
2610890,
218827,2080046 943869 1389131 1973260 343696
284368,797894 1968833 516002 1033736 989787
2119378,
2512596,1512759 498131 2584498 2514610 2402578
480982,
2297569,
2013477,
1038064,2466386 2290733 705631 2606598 464292
1365745,
1005299,
2643701,2004103 1015694 1680423 1719597 2675281
2545402,2729468 1460472 2290733 2120398 1675248
1267451,
1660669,
1778645,
775937,
1210667,
1070853,
2643722,
1333007,2035308 1725448 1277454 1017258 2391258
2840340,2069038 1232929 76572 1970039 2002916
1890071,
677661,
970373,1849168 1766368 2554499 611043 1991718
907044,1754843 570961 2069038 1232929 12147
1398565,
2316072,801554 77341 949736 1010072 1985813
120617,1719941 1976981 179716 2367222 1145024
1693483,
874287,2338086 1329475 2699501 1021849 1550842
2578226,335098 139368 2134845 1292679 1446487
2152246,
1955639,
1365816,
1464125,2154094 1077012 1341471 2555895 450722
1595198,
1627970,582146 2755536 2450938 1994269 2310010
1598433,1700653 2291592 1195193 387886 1453629
907080,
2152273,
644948,
812004,
1824613,2674163 1246946 2122050 1862086 520673
874343,
2559634,
2057192,1479988 739593 1509920 2550215 2444671
2805395,429512 1863247 278803 52391 827038
1778665,
1691826,1032155 2231662 649952 1444980 2427641
382843,1849168 2215089 2005001 1710671 920958
808832,
1726337,
2414467,
677772,
153486,
189421,
1562513,
874386,2139666 2340390 719992 2305349 356617
1603908,2008970 20377 1803293 2373792 2270005
1824666,779542 543577 705631 2680680 2665280
2054043,333283 1600792 2446984 358156 713275
2774940,
2283428,
2341190,2215089 2005001 1710671 649952 277984
1300391,2211387 1711942 1237136 387926 2215089
1791914,
907179,
219052,
219059,434017 1032155 162711 2231662 920541
1234870,
743351,1115456 914102 18048 1137922 681030
219065,
612282,
284605,2169752 1058590 1497116 1208264 568837
2742209,2325062 1596092 1444980 2279057 1834402
2807747,
415684,1918814 788066 1402945 502195 1774398
1234891,669287 2589758 2368831 700583 111553
1333199,1710289 1922465 2822620 2134262 2758119
2565112,439609 1431353 427718 2075468 460114
1202137,
645084,2402578 1761310 2162196 498131 2822580
55261,2386238 1548247 475804 97352 754489
808927,
1464291,1525722 1754007 923508 490343 661231
1824747,
350190,2729468 1289641 1809151 876924 617545
2119663,616944 1517991 236745 1230755 2607916
776177,2574151 2568579 2567352 135513 114591
2674345,
2414589,
1038342,
514057,401208 173225 2569649 1720089 2590784
2152458,
2873357,1070096 2236464 1637351 1675450 1414730
2185234,
972825,1157523 594540 80806 1328258 1515408
1824794,
1464347,
186401,1919757 646933 2493118 921595 177287
415782,2052938 1952900 2506100 1728984 2256646
1726504,
2545705,
2709547,1811414 2717534 1430454 696710 2543883
1909768,1528842 1561438 2137664 221783 1407633
2119732,1035434 925820 368950 2104059 1676367
1693749,
1453046,
448571,343638 1550182 1247531 1288064 2137077
1169469,
55358,2681282 1815165 2795778 1288064 682768
22591,
2250816,
317507,2769935 2274991 2292572 2126749 2770313
2371778,1816237 1838336 2197245 212497 2140940
546889,2170748 2367864 230184 1646021 2822580
2152528,2645850 1372474 168083 2161525 1190360
2414673,508827 128834 1200846 1262244 1901941
2709586,
2676824,1719941 2726674 1920040 1632012 2052257
2938969,620562 360621 1913384 1750818 787948
1005659,1018200 2567 1568291 1657269 2321584
1890399,
2218080,
612457,1884600 1022333 784542 2130582 283949
1431665,2809811 2817623 1460472 734633 354117
1890419,69374 2085877 716358 2144083 2066452
2381943,1460472 2612491 331979 2002916 284353
2545785,
972922,1356817 1390165 859426 2364468 2414957
1923202,
1562759,
2417687,
415887,277984 113715 1750818 2142188 1009045
841873,
522606,2116319 18516 658600 1782001 689252
2971798,1433892 545052 339793 909199 2193500
55450,1018372 1513606 2172295 145862 2405267
1366177,
350374,
2218151,1584909 2684451 1142171 225481 1334310
809129,
2021549,2253436 1251775 1122869 1631953 804799
1693871,2464964 758291 253373 2524757 969775
1693877,
1464512,
615456,2831580 992187 1361752 773494 2716375
1693893,1498107 173225 2595250 1391524 1720089
22728,
1693899,
907470,2215089 2005001 1710671 82593 1491560
678096,
2578642,
1183439,2310010 2450938 1994269 1419291 781093
2218204,
1005794,
219367,1802574 98877 2249862 2427641 659702
2185448,1497936 716358 2070226 689417 1487009
284905,2356575 288746 2215089 2005001 1710671
2611435,
2414829,594728 303307 495570 390198 24572
1890542,
973044,2809811 2783316 2626501 1545735 1175126
1956085,
2414841,330156 335098 2745430 927382 595727
2924987,
2251007,
2931072,2450938 1994269 2310010 1603234 1535415
2796234,
809225,974922 2010006 214140 298755 1743118
2709770,1832520 1278418 237748 1651484 401692
645387,
1538434,
284945,
2218263,218295 1699953 1181191 1190153 409814
1431833,1749141 2601105 900037 109429 565293
2382107,1418055 318334 354428 2396305 1983248
718723,1618745 2833091 2192251 1087808 365574
2283807,
481569,1676768 1503638 524846 622908 1980621
645413,
547115,
2251053,
952484,2574151 423044 1246946 2144083 2623058
645429,240702 401692 1406412 1688403 1835008
2513207,
514360,1470828 716416 705631 1545366 1633613
1431867,154578 2329851 1720349 2123603 98911
874814,
2971974,
2480455,2317065 1464929 1715345 2306510 2504198
776521,1248908 2221547 834755 2692092 1910662
2251082,
1530189,847862 2215089 2005001 1710671 797964
121169,
2644306,
2349397,1231082 486718 655238 1774758 202726
2087254,60708 2397566 2835320 794454 1060300
2283864,2002916 284353 2416855 928466 1680361
1758572,2273041 899038 2603529 51699 2029656
1857887,
1437780,1577384 61981 1351096 2712396 1289702
2218338,2562353 2123151 2097351 2011562 1490366
2485265,
2382181,2692092 834755 1867575 415073 949006
2185578,
973163,448940 1994642 2184372 815171 687716
1137005,
2873711,
153970,952894 738013 1648594 1063049 1553863
2513268,
1988981,1426108 1231082 1797565 1748906 579661
2644343,1140098 820410 897014 1701757 1814939
2906494,
2480512,250918 2534061 1190540 2233996 2187586
2602017,684114 130881 1421619 1561891 868942
2578828,649764 683065 1680361 2397566 60708
2349456,
252305,2411342 588358 577455 1560579 2321168
2605291,
2185636,2732563 2757146 309788 1744930 1372707
612777,2809811 417993 2427641 659702 1724277
1726890,
1759663,
1792433,874415 927732 654002 2577313 2779760
2185651,
2237513,
776632,
1890748,
2096514,657874 2085139 731072 198515 1300215
1563071,98877 1940891 2532134 1888215 1403082
1038789,
2315052,1879987 2607397 1515408 684050 1510033
2447821,335098 54906 1339063 1907690 1329475
1399250,
2709971,
2001709,2059552 711316 918331 1775865 1948994
580061,2787212 2721595 2625550 1741540 97234
121312,1617250 2707722 2063319 839657 554296
285154,98877 2427641 659702 2353151 964121
1825253,797894 2088312 2055672 2612491 1521919
1038824,
2120170,1500316 1579815 1873175 1040073 1730037
2284012,
2939374,
1464818,2809811 1810770 291222 1580637 56861
1104375,2215089 70482 2637013 331979 1822613
2342332,767284 2148366 2717566 2216662 2538660
1038850,
1890821,2412141 943910 2454783 1776971 1487009
1202698,2216662 2717566 2279799 1839808 2448210
1104395,2770893 1906942 2427641 659702 2142188
612881,
186899,
1478404,
612890,
2079151,2321168 2624261 2063661 109335 1774758
1727008,
776738,
2087460,811104 1579676 1707648 15236 33293
2087462,
115337,
809513,
1464874,
801202,1700354 142600 1959748 1529136 2062738
809519,
2316848,
2382386,
2185782,2589929 2504443 2431583 420354 1043464
1006791,2411342 401803 2763794 1588076 1743239
383556,1739321 2427641 659702 2214932 2208670
2013622,
2775629,120857 2215089 2222408 1960430 2427641
186960,
2205968,1951497 109335 57417 2701435 1559696
1046969,
58600,
1858151,1369814 2433487 678423 165046 2223256
973419,
1628780,
1333869,1601835 817997 1252931 1792155 345526
1849789,2002916 284353 2416855 928466 39007
2480753,
2543379,1092086 421998 89869 1936691 2788209
1746579,
612983,69374 98877 829419 1038282 826341
888596,2624684 2408753 282358 2354557 1594902
88699,
1301116,
1464958,
1858175,
907904,
2480773,1483540 186970 1709732 2792364 875721
1006216,529771 2011537 377787 549242 844968
121482,
383628,247896 1483829 20438 569727 11102
2808463,255128 2559930 319853 2123151 1446413
1333905,
1956507,1130453 2754267 877917 1598367 545612
2054816,1458599 2185192 1376538 337948 799238
2827376,1265894 450142 1867575 503460 2109883
1464995,
1399460,
154279,898002 50136 2769464 846674 2828039
809644,1283970 2446069 1238275 2268044 1823332
1628860,
23229,
1792702,
2939585,65398 2581273 1600649 2591207 1862314
842434,2624624 2701014 1811414 247896 2396305
2775749,
1210828,
1661653,
1071833,2244812 93207 1525166 1334297 2503857
2644699,2085877 186026 600761 628537 1178495
2480862,1404615 281319 2028380 2235995 2403280
1792735,
1825506,2002916 921157 408367 510361 211071
2629307,2429398 2142416 24572 513644 300830
2841319,1700653 1991718 391597 1359642 917676
2611945,
1661674,
1268459,1557421 99246 2340664 1017600 1760693
2218732,688983 1090898 698447 1661250 1940522
2906862,130881 1421619 2380245 1536294 1561891
1505747,1309258 1108083 1473683 1083410 5434
2579190,
1825527,
2330338,
121594,
2743036,
1301245,
1538517,166750 1488043 1512759 1534992 1080946
2251522,
2775812,345473 159686 337948 799238 374269
121611,
973581,
1694478,
2513695,25032 2680991 2441475 584293 1791406
2743074,
386183,
1923884,2094806 1204946 472966 309445 650823
1563437,
56110,1291238 2321168 1299042 338801 2624261
896595,
1150772,540720 960446 784542 1034865 2462924
121662,
23361,203014 1105432 137558 2046191 2610172
547650,
940869,
2841418,
1825611,
613204,2489081 1329627 1163459 2389908 682920
1792854,2069038 2591587 999626 1617250 2484044
2317145,
2087770,
2022235,
973663,1990799 1654950 2447051 2428631 460678
2743138,
777062,2545064 307095 305743 2659130 340543
2153322,2612491 1535261 2625550 1741540 331979
2251631,899889 1728580 1465306 654651 1969747
1989490,
1235828,
555497,2298234 937919 917640 2313731 1028530
1068863,
1039230,1401395 1911402 792318 1321803 1674418
1855296,2008767 1660513 1777646 2184372 1091253
2775939,2266525 1422320 1786757 784340 1072942
1334152,2800247 1898181 53166 557578 2161236
2349961,2215089 284353 2005001 1710671 1581129
2284427,1503563 74901 346780 2506100 1115569
514959,
514961,2303766 2129 1672380 725181 1291947
2775955,
187284,2547974 572874 2650158 1157523 594540
2907029,
56216,807254 1702777 996462 1940891 2786226
121757,
2284446,1210654 1544897 1617143 473224 24861
2193904,
23459,659969 1716359 1584839 2045755 1974596
2415524,
2972590,700583 111553 35917 1995080 2562339
908218,1269568 2620143 1266317 2816093 1286045
346670,
1596352,
416709,
2218950,1016002 1899506 516002 1283076 1106318
2841546,2369148 1338430 2814756 269618 738771
1891278,69374 1010391 1940891 705631 2581364
2808790,701736 1194379 2343229 25855 1304940
580567,2656892 1251752 1824672 24333 874415
2120666,
2772816,395066 2408753 4770 1473683 1827180
2286758,
678887,
1825771,
2153454,
2677744,1799649 1049741 2019622 1745139 2414818
2087921,
2972659,
1989622,
875512,
56317,
1498110,
2317311,
252930,2427641 659702 2353151 1059637 1444980
1565867,
1137681,77341 380330 2002920 1144357 1469685
1137684,926913 1748079 2471188 1116384 2109830
1451182,2222748 2226110 2388012 65416 1106820
1396569,
2776095,43760 1894061 2609037 554133 537320
645447,
1309191,
416812,
2117469,1735341 1766546 2675667 701736 2088312
547890,2681282 1588335 2178728 531789 2482031
613430,
2841661,
2843829,1892360 750349 2459946 1847320 568513
908352,
154692,2418253 2151967 2696617 1056855 1904965
1530961,1625107 75638 601601 953920 1316226
2514002,374590 1809073 284353 11102 1822613
1367125,
2481238,
2415705,2085139 2132142 498117 2816388 781800
1072221,878509 1599423 1239223 1771444 653804
777312,1904255 1655850 1581957 2281755 2443766
1694817,457028 71878 761223 1450147 680007
2612323,2793103 2144083 1317746 199255 807133
1629284,860567 2349262 1874674 2014122 1904714
613477,
384102,
1334378,2630256 470263 4285 1825301 221968
79349,
1989741,490073 1317201 1130570 166750 1940101
1891442,853723 2624881 369182 2813629 2418569
23667,181761 1587300 1016347 410738 1453382
2743414,
56439,
2372905,
792949,
1793160,
2776203,
1825932,1402945 1239223 406920 2282356 949434
1596565,2735928 1110982 2574135 2005487 2348919
2907286,
482462,646732 1467771 2060156 1918964 1430879
1609584,
23718,
2186409,
1072298,
2219180,
1334445,
2776244,
1542557,
711871,1506339 1757301 799646 2129751 641200
1268929,
875716,
2874567,1164117 67400 1304507 1302512 432392
1825994,1262244 1901941 424498 2273714 593639
2415821,1362351 2038867 2268771 1958084 944141
2579664,594728 303307 390198 495570 447927
2257248,
416978,
2022614,
318686,
2636325,937891 1016460 2561597 915281 2641288
449760,2775103 1852965 1249417 1853488 1087808
2612449,579761 708026 3309 2789428 515117
122086,
122087,
2776298,
2874605,
875761,
1039602,
580855,804057 1799752 917982 303668 2341289
543084,2427641 659702 1488488 2581364 1135075
2088189,
2022658,
2481422,
2579733,
2514200,
2186522,
1039643,
810270,
1039649,1658953 2818288 603318 2381218 2489768
1465634,
779483,
2776359,
2546990,2602013 1911648 1406412 2063661 2222122
2088239,918331 846674 319279 2457613 1542000
2776368,2729468 17655 709763 877063 1809151
2055473,404471 2552998 1648020 446956 2634338
2153779,
2645315,
843076,
2448709,69374 25032 687716 1506441 2605040
2383174,1597166 1924180 1618745 2649610 2168609
386273,2402578 1761310 2162196 24572 1512759
744776,
2186570,2551327 1042486 956342 1061346 2767629
1137998,1937247 2693692 726359 2274714 1602667
646483,2329851 2000701 1720349 2123603 2554771
1740686,69374 2215089 331979 2005001 1710671
2088283,1473683 1439404 329116 808988 1938808
777564,
1438080,
2841955,1037716 2205670 688418 2436862 874175
2153830,
646506,
1695089,2143672 671352 895256 412730 1766623
1924472,2637558
1334649,2364757 594836 2257621 1311483 1168723
417152,
588353,2659474 1512534 2579095 421113 1204946
2958851,331979 832422 1770823 1974159 92916
2710929,349952 2182335 1126944 1749141 262976
260675,
1826196,
2743701,
1695129,1365946 1124669 2517735 2598411 2467645
1170844,
1007005,2333945 2690077 1349553 2174583 649764
1400224,
2514338,251241 98911 1841480 1835008 2402523
1990051,2809811 291222 1580637 56861 12147
908708,
817734,1230754 1481381 736499 2680292 325084
1400230,1933337 2212116 1641724 1408432 1979603
2973098,1076847 1152906 224659 1986723 537320
318896,
1858997,
607467,
1793466,
974268,2663426 2791563 615331 2539814 1978294
548288,
1564097,
875975,
1063560,
1105355,
2874828,613697 2120398 1448056 329179 911996
2494372,
253403,
712167,2532134 964121 1619914 1761310 2081003
1695212,
2514413,65398 2581273 1980621 2591207 1796245
2219508,
2022904,
89595,
2809344,
419072,
2940418,
2350596,25855 2515017 2780161 549617 130639
646661,
2612744,238156 183642 2802808 1322730 902953
220681,
2259003,1531632 2612072 1380417 1900811 2384351
1072661,
2776600,2020285 1798099 149959 29512 1804714
1695258,1272461 1808057 1230062 1322730 886015
1072667,2504735 812853 709316 66635 1969747
2940444,1988592 877960 197512 413753 131936
187935,1849168 1032155 2231662 644082 2430113
1760801,1479059 2145684 2169867 1912509 782839
2580002,2506100 2120398 2110119 687234 2787212
1334819,
2154020,
351781,
1800796,
1793580,1062046 835070 1316922 1354601 1049570
712237,1968833 162711 1314105 147350 1332465
1531438,1798099 2629858 1417177 926826 456090
679475,1720451 113715 622908 1339063 54906
1924664,
155196,11271 1136521 2552154 1269579 1698920
319051,1130577 2532134 2427641 659702 1940891
1597006,2396545 387155 123967 1839454 640329
1072719,
384592,2749231 2252257 591901 66855 2283834
2678356,
319061,
1760854,2515840 767509 1861037 372193 1451769
187991,133371 1804463 1376955 674228 190415
2088538,
2186843,1980550 2137991 2339141 1394911 284656
1367646,2750542 1522929 1958300 681695 1239223
843361,
89700,2447779 2582353 2175217 413348 1200792
2755901,2787212 2325489 821591 1274284 127901
217023,1853488 1223665 529771 2011537 377787
2666436,1528850 2326442 1625107 2180371 119267
1948266,
2925845,
2277994,1918612 1862086 1018200 2567 372347
2445249,
2678410,1697630 1196602 2357034 2058949 2317021
2930490,
2809493,2775103 1852965 1836709 1545366 2520469
1467673,
2973337,486333 1694154 903084 1953080 2564059
515742,
1269408,
1728162,1109066 1923877 921278 2470303 75096
1040037,2612491 331979 1014576 1506441 687716
2121384,688850 69374 203014 1105432 2809811
124188,
1498797,
2875055,1550545 2654067 349892 1062218 353394
2481841,
57013,
843446,2433598 2693107 2223467 1991374 239162
1990332,
2481854,
515776,
2368801,
319177,1115569 1969747 2080046 31152 781800
2875082,2274991 492792 797894 193998 1471966
2350800,
222499,
679644,1790536 2396545 784506 1260763 1409350
2481885,
2350814,
2776801,
2842340,
2809573,789074 1155321 279015 886768 789934
384742,
1761008,
561107,1528158 2623234 663815 1065684 519836
2346964,
1335035,1940891 2651519 318334 2532134 126139
1892093,2002916 284353 2416855 928466 39007
1269505,
450306,
1172779,1194156 349079 1011208 1335576 1569710
1203972,
1859337,
220939,434017 1032155 2231662 920541 1286086
2449167,
778006,2629247 2085139 2400070 657874 198515
2219802,
122653,
188190,2683383 1056961 1950394 560738 2200146
2538117,
1335075,128834 2612072 1380417 1302933 1043254
2842406,
2187049,
384810,2061398 1492724 1996526 33628 383182
1040171,448940 1994642 2579707 2703465 1984203
2514732,
1400623,2207287 1234294 1393591 625711
1817224,
1662778,
712507,2803779 936144 1799358 1267306 949028
1204031,738056 1621394 1364714 73367 375965
122688,
712516,
2678598,1993307 262672 1969747 863215 1528170
1276556,
2842449,120857 1879987 1399923 186161 124543
2907986,486351 1653620 1551098 2266384 2440924
253786,399635 2149791 2042973 970170 2300364
313967,2675043 87014 2343229 2083990 63705
2350940,
1793887,
85921,1315346 1816150 2361560 924689 412860
2613090,1246671 1761310 2335094 142288 2094806
24419,
384870,
1597287,2175217 969148 845175 1614266 1889008
843625,
2350955,1009009 1007987 131258 2290733 2813697
421336,
544744,
1204087,
2842492,
2121598,
2711427,
2514821,2347446 714466 1358418 1948771 1745417
2908039,
1466249,2581933 674791 2070226 393200 1884600
1400714,82593 10414 501957 1742911 1849881
2539874,
909198,1390783 2634246 185200 1121657 405448
24465,132222 1761310 1619914 2188753 2335094
1761170,
162457,2302955 1162836 1234223 1846154 2596433
2776984,115560 743906 74901 95800 2655087
2318241,490073 1317201 1130570 2787212 2249862
2908068,
2973606,
2079388,1639064 899370 2354996 2245194 1308633
1630123,
319407,
2154418,
1138611,365758 810930 329851 687954 1611281
1564599,182398 2162417 277984 2182335 474886
1007547,964121 989787 333909 1033736 345473
2645949,
581569,
2580420,
1859527,291810 2088801 2821032 78318 1126974
2875337,861539 771638 1201777 2374991 2118668
122826,
450508,2427641 659702 2353151 1059637 1444980
2809810,1143768 1277454 801656 2294760 2790784
2023382,
2115196,1581129 2504735 115309 1263984 2070226
1925080,
2514905,1898953 331979 322374 2581364 2612491
1217427,792132 940870 2694400 64416 127914
843744,
1171425,699533 995762 1647240 1987428 2667829
2580451,2816182 1433892 1283012 487023 991891
2285541,
2875366,
1178279,
1549650,1744429 212497 108776 2537640 1921903
122862,
1073141,
2744321,864923 2080213 2155920 346445 1443939
2121732,901493 1918242 286143 1142853 55503
2482185,
909323,
2252812,
2056205,1841803 303593 977979 1777465 437171
2711568,
2580498,
712724,526921 431895 924151 184878 226281
516118,159686 374269 1878533 1264678 2243193
1892376,2532134 1142815 17857 964121 2396445
2674692,
974875,591015 2215089 2005001 1710671 492792
352292,1814969 1003779 2379240 1891178 90135
2842663,2769935 2040893 2582353 1761310 2313990
1237037,
1499185,
155704,
1948340,1165366 2572674 1075811 2141801 494952
1957946,
2908219,1535056 2504735 1894967 278302 1841803
1368124,
1073213,
2547778,2175217 1311399 465526 484267 2081003
1204291,1733919 2117601 1506339 542430 2698033
2236546,1648877 795733 1414730 2260646 1594744
1204295,1912913 1883499 2665280 2430057 1808498
745544,1023332 1532729 2698033 2640155 2381638
614474,2627861 1101318 1538128 415720 219915
1925195,
1925197,1142815 17857 1089730 182877 2157200
974926,2290463 186026 643343 646236 1143450
2723853,1289641 702107 1531661 1979874 211071
2482256,
155734,
1204315,
614494,2063162 2820292 1448056 1894967 287640
876641,2024684 2618332 1526110 74537 2450386
352356,832422 474886 2162417 2674163 1974159
2941029,
1826918,1208961 2325283 1241941 2754205 2214958
1728621,1405858 2494334 26743 177531 999397
2220142,
843889,252259 83197 810703 262672 973444
1073269,
2711671,1564442 709994 1400247 1221333 2194751
2023549,5837 2110965 2617991 1833945 102628
2777214,2159859 1054579 1915132 376954 2453217
2351231,
2613377,
2089091,
2248726,1918814 600761 1834139 2056418 1628809
1368208,
712850,
417942,787780 2624881 705631 2024684 1133763
1892503,709316 764238 996462 573265 2802808
2351256,
2538181,182150 1159528 1397388 2147999 1422637
745634,1470828 716416 358611 2505659 1818222
90275,1723266 2584831 1636420 2576594 2712946
1433764,680212
712875,1160832 1021358 2404023 2626742 2222761
763251,1666223 1771554 363227 2709925 607537
1269940,
1532094,585892 812293 738324 798515 2129825
581823,
1138882,
352462,
450769,1988592 499450 1927458 2118668 2484607
1211086,
2777308,
2155898,
1958111,2113248 1669483 2451241 1838929 2148169
2154720,
2154721,2451768 742871 1438721 1829538 762071
1466594,278803 1863247 429512 2329851 1720349
2482410,
1728747,
1138926,1160518 2427641 659702 2353151 1761121
1806376,2147502 1615674 2625550 1741540 836147
1007858,2002916 284353 1560483 797964 2416855
2842869,
5839,
975101,
286974,995478 1304235 935363 406835 1564530
2711808,
1925377,
178902,1773328 2091857 78177 222527 878620
1827079,
2384139,
1499404,
319758,
2842895,78753 1101318 2262131 1283857 516310
1106201,
1433889,2038537 711746
1828230,
1958183,
1958191,
2893192,
1663282,433109 910615 1223726 2294382 2765872
1106227,2574151 184878 226281 314930 2062740
1007928,
975162,2360494 2787212 2249862 2584911 2144083
129582,
2122044,2189677 448681 797894 920541 1286086
2810174,284353 899889 2063661 187867 1225718
811327,
2187585,98877 1535261 826341 2662405 2581273
2646338,
1499465,
549196,
376178,
2395860,
1499477,
2609209,2481013 1203517 1056976 1430845 998540
287064,
2580832,1685183 2736706 2023995 659969 1716359
221537,674791 2420038 460678 2428631 1628809
1913581,
397372,
2711916,1291238 1648453 358534 1299042 1774758
254319,1426108 2515350 1748906 1587251 1550545
582004,
2810234,2666794 2488525 2325062 1596092 1867575
284525,
2875785,2049341 2633362 807254 1702777 617970
1171860,2581328 90181 1713893 2668027 1558054
1337466,
2454085,
2285985,
1827234,
2953286,
778662,
2253226,
287155,1204737 203014 1105432 1035434 2610172
1499575,453808 1510740 1364519 2213651 1456564
90552,
2810299,2817159 1911566 424437 222413 659576
1302973,558468 2693388 2327089 2053266 606006
2095863,2152945 766149 776006
2646479,
451025,1204918 2208042 583303 2759324 640230
713180,
2767610,
1817339,346780 1115569 381857 1322416 2151910
2613732,
1794535,
2220520,1775879 879952 1415967 627512 83197
1882876,
188906,2053600 2506833 2019054 1641241 1583355
1970258,
2341629,
778736,1527463 2693019 1989104 57762 2753877
90609,434017 1032155 2231662 1309397 920541
1270258,1732727 2142391 1940891 2420038 1862086
90615,2215089 70482 2005001 1710671 1974790
2318841,544866 70482 2770753 2063661 65398
2023933,61714 401803 1234223 2614450 2730242
965376,
549378,
1532421,1908265 2059552 2140940 1541064 717098
1925638,17607 2224311 2768496 114894 1517095
2155016,
1008137,2240723 313889 2491506 949006 1621675
2777610,
2351628,
2155026,2649610 2168609 557578 2161236 1462438
746005,2215089 2005001 1710671 284353 1822613
1204758,69374 509306 2552998 882042 760311
1761823,2541099 444228 1267104 254084 1145974
107952,
680482,
1571166,
2613799,
1434152,
1204780,1421619 130881 1561891 28072 504112
156207,1305092 498876 1800393 920967 741299
1008176,401208 1817204 934835 61803 1647452
1827380,
2079497,1974790 2291592 1216068 1136129 2005941
2744890,
1794619,
975423,
1172033,1688403 1070096 1575155 463780 1419873
2875971,115309 208449 749361 213191 805303
2286153,694505 1594666 1823332 467515 1266842
1335882,638956 459812 1912068 1479059 2145684
2843211,2215089 43955 1531632 1470828 716416
1303119,
2417240,
2450017,638072 164535 32428 2379193 2283577
2122340,
2482789,320142 2367246 162711 1274885 630030
1991274,2233845 508827 137558 1479059 2145684
2220651,
1401453,2612491 331979 1014576 1506441 687716
1303157,1840914 785727 2316686 2319909 2182957
2253431,69374 2215089 490073 1317201 1130570
2810490,2054344 2427641 659702 2198479 1408432
2417279,2462843 2246354 26365 2189476 1612626
1925764,2338086 990924 2699501 413018 794837
1335944,
1041033,2584498 2695577 73435 1993307 2255068
582286,
2199661,2174583 2613923 1227198 354538 202896
1958546,
844436,
1991318,
1106586,
2941596,2085877 1498107 378849 424309 2601918
2613920,352782 1641724 1408432 904489 1924450
2187941,1994642 448940 98877 1260126 2167896
1696423,
778923,
2056887,59759 2493035 1999422 109672 204181
2253498,
1467070,
2024127,
2024128,2798594 120857 784614 2215089 331979
2745026,82041 119455 2794337 954258 752612
2336203,1386100 2820626 56248 1879987 1370463
287428,70482 1648453 358534 2396545 1083813
2412662,264994 106209 2689314 1178641 378046
2450118,1571915 131557 2220999 167572 421560
516808,2215089 2005001 1710671 1798099 1510813
2253513,
562774,126139 1635529 306331 1488043 656777
1368786,291597 2001477 228755 837709 918864
861647,701736 2193209 2367869 1068127 1282647
1472777,2329357 2066271 1838433 1083813 1894967
1925854,
2598352,1903197 130881 1421619 25032 2223256
2876130,
287460,2215089 98877 826341 961009 2662405
58833,1879987 2437618 767284 2665280 2430057
811756,2427641 659702 787581 2353151 1016960
1893108,2835112 276737 1961751 2766422 1990799
2581238,2022431 1976603 203592 1250122 2392068
2286328,
1630970,
1532669,760311 303593 977979 1260412 437171
1598206,
746244,
2155270,383695 56945 254084 1145974 1820830
2286347,817727 1495872 1536698 1190540 281130
1598221,1770997 1460472 2380245 1283162 1318184
1401618,524846 1566799 2721595 420164 45764
1991444,2826600 2492780 1129963 1545366 2384911
353051,
516893,
2548519,1929543 285646 2589328 2570159 482805
287531,
1467184,
1735475,277984 113715 1750818 2142188 1009045
2286388,
615225,2532134 964121 1619914 2537098 926099
2057022,2000313 1311154 2784412 817748 174891
161242,434017 1621394 2326594 1778511 2819375
2646856,
353098,2614450 1739521 2730242 1642045 201559
189264,
375608,852283 743190 793142 1238891 1521358
2941781,1166848 2435227 975648 2371258 686403
1467222,893909 503931 1271851 2169277 109692
1958745,130881 1421619 614525 2482970 1248024
123738,1242797 2251056 1351651 2133346 371042
883571,2215089 2005001 1710671 1879987 2329851
1237852,1171957 217204 613891 1346344 2764508
2745184,
287585,
1237861,
2122599,1265933 1796245 2445138 835150 22825
2974568,429754 293800 2286731 386456 865484
2614123,
385900,
189295,798560 2083129 1699732 1538540 2329186
638297,
2642067,
2155382,1458599 2116217 166527 1675248 1258829
1025513,2738174 1329475 1083410 1673004 2707666
2369002,
713598,
1598335,
2122624,1014702 2728022 2812056 170716 1927487
2089857,
2909058,
1336195,77341 2078821 438736 1081435 2137403
1958789,2787212 314930 2332738 2532332 316152
2188167,899539 2024438 753856 2193695 1680361
1961609,1194992 750601 2413046 785727 864923
58250,2472534 1894231 141258 929038 2811292
2253707,
2155407,
2974609,69374 2809811 2783316 2626501 2612491
189335,
680856,
2390852,2504233 1417642 350611
124399,
2810780,
385951,
151707,85181 2563813 2729839 2803572 308946
1827748,
2139634,1032155 2231662 2430113 2381452 474886
844721,
2352054,545052 159108 1689686 1861010 617593
615354,
1991613,
2155458,
2122699,
2843599,
2909138,2523215 2225736 1908784 2297635 939654
1795027,772103 1895380 1943787 1262244 424498
2276174,404471 1473150 433109 203275 1127909
2352087,874625 1269928 1205782 742425 461881
189401,
1860573,
2941921,69374 2427641 659702 1940891 2144083
1827812,69374 2144083 162711 1515408 1536294
1926118,2533472 310986 2825132 2576080 2519496
2876392,1786840 1510740 740190 2762852 2815815
2548715,943910 2261211 1546598 2248144 2528279
2974700,2677522 2451768 1905375 1635286 2345499
1172461,
812016,611545 2222761 1387849 1541985 2597926
1795060,
1726545,
877560,
2614270,
582656,771638 1201777 830923 359531 1437114
910339,
1336324,220200 314930 339793 1835008 211071
549893,
156682,2552998 2001096 2126757 2326144 2436869
2581519,
680979,235858 427740 483763 1404278 1674086
2581527,
2024473,1374739 1730302 908093 2609505 899038
287772,
2122781,1955952 2754052 945873 1770823 1974159
2188318,
2286624,
2221089,
1696806,530133 53654 969434 130593 1484431
549929,
779308,1878938 155489 2612072 1380417 1952185
2740402,1940891 2427641 659702 318334 1135075
615471,423044 2304553 2140281 2670799 1258802
2417714,353172 1033068 446956 1648020 1138831
2101427,1929210 360854 573444 201196 2073396
1401908,2215089 815171 1506441 687716 2077064
1401912,
156731,
1729597,2268406 1403918 2572674 82740 2038537
2396341,
2548804,
386121,
1926218,1473150 377937 1130908 2220486 2823711
2745436,
2581600,1990232 2099789 489665 876667 2551254
2614369,434017 1032155 2231662 920541 1286086
1336420,2412141 1605811 1243222 667038 159108
2308966,
1598570,1747004 2112947 2421094 116837 502593
2440039,1088244 431272 112513 2705323 811763
2548844,2631936 1501758 245751 832508 2286459
1500269,2568579 2034274 853723 937062 1836709
779374,
1937597,2798594 2685269 1785090 2574151 900853
582769,
2417778,159108 2809096 2546714 1958332 2133589
2516084,
2581637,69374 490073 1317201 1130570 2626501
2253959,333909 1033736 989787 2150240 2816866
222344,288746 2427641 659702 1931070 408692
1533065,
1631371,2069038 1232929 932830 1678614 471614
1860751,1648453 358534 1894967 2579224 1761310
1434769,1972214 1073674 902292 2137752 463594
550045,2215089 2005001 1710671 656496 2292572
1270942,2532134 1619914 2787212 2249862 926099
872645,
1959074,
2712740,2215089 490073 1317201 1130570 2005001
2614438,
1402025,
2090154,
2221227,2215089 2005001 1710671 1879987 656496
2483375,991733 2664998 2710271 291888 1600649
2417841,2019284 2773746 2435228 1023332 1290377
1074355,
58548,1614881 2390843 1943787 2523402 1748104
544810,1444699 2658601 1493551 497626 2595250
1074359,277984 113715 1750818 2142188 1009045
2942136,516002 2235284 1456733 1504508 991891
976058,
2145141,649952 331979 2002916 1856562 284353
812242,
2942168,
156890,
2385115,
1336540,
1893599,2329851 1720349 2123603 1292636 1619914
1724624,
681192,1019671 2329357 815171 1894967 687716
1828078,2356738 1964480 2073713 285340 2563397
1729778,
1303795,188315 2082511 2051015 128834 2612072
2188532,264994 2560932 1364249 753925 13329
255221,1433892 1793287 698849 1108260 661506
1205494,
942506,2261071 682920 418195 1379089 2143490
58624,
1762563,
222473,1054579 1915132 2214932 1355266 343696
2123018,2427641 659702 1058968 1940891 150069
2188558,1460472 1077345 1212829 2543410 154321
713999,1109177 70482 1414361 141556 1445120
2605992,280872 1241069 204133 1036530 1803671
2904280,2437618 815171 687716 1506441 4770
910610,760863 2668180 1864454 373991 1616344
1178499,1761310 747731 1777465 1512759 446956
1812014,
189719,203014 1105432 2215089 969148 1563129
353561,2185192 2744805 2757119 1381918 1735304
1697052,705631 1386100 2546714 1985177 2567306
547518,2056418 954150 133612 2009597 1536313
1369376,
1795361,
1008931,69374 2437618 1809073 486592 1940891
1467687,647579 746557 183519 2222166 1561200
2527452,2061398 331979 1058968 1515408 2575559
1194887,
25906,2543692 2266296 287119 2504076 1698077
1140019,
2671627,
1140034,
550211,
1598789,
58695,2029559 2548270 1088654 2399595 781815
746826,526921 827359 2553721 1368130 1841480
1729870,
2483539,
779604,
1336661,
157018,
998287,2424716 561095 1288775 900041 780357
2876771,413348 848493 1943055 1252352 44707
1107302,
2876776,
2926184,187867 1225718 2293401 2096809 1519327
1172843,
1932178,
255343,
714098,
1336692,
2450810,
2254207,66422 2290733 831728 459812 1370463
2123138,
1893766,1894967 1841803 1857658 2329357 2770740
714306,1535261 2612491 2487214 1521919 1127977
2778514,
943508,56545 460268 320142 2367246 1274885
2778517,1088654 2548270 2399595 781815 302803
2132882,549617 130639 2665280 2430057 1808498
1009055,
58784,
1697186,109659 1069226 293906 1253223 1601488
353700,2742529 1787091 754109 2631637 2758597
255399,577261 1953318 2197728 594728 303307
2319784,1204198 2651059 1205625 59759 1732682
1473436,2061398 1596092 2325062 2332738 553776
1992106,
550317,346780 2392452 619120 797075 2603529
58798,
26038,1492724 1121180 755900 1555255 657342
1074615,
484793,2325489 2345499 1774758 1333386 316687
2647484,
1265909,
2385345,
2287046,
255433,
1270943,
2123215,1446411
1937656,1101318 2557447 2251007 616944 704158
2024920,
2581997,
2581999,
1598967,
615930,2422248 1353741 2789357 1677421 472313
1609983,
2024956,130881 1421619 1561891 1914898 2640230
1467905,1460472 1258829 1675248 1094040 734633
2680325,
1664518,2739498 644082 1497762 1667102 157778
583177,2379240 2790036 376733 2311213 2158441
1140234,1802574 2809811 1109066 98877 826341
2745868,1328258 80806 1510033 1522441 28518
288269,283949 2130582 2237979 2076877 1955827
1369614,
1926673,98877 2290733 254084 1145974 2698033
1926676,
550432,1729363 1513070 2007915 291888 2271391
1369634,2647727 1058590 2205841 2804268 2197032
1861159,1221284 1585597 2028380 239167 267410
2647594,2680680 1142853 90379 706437 368977
2025004,
2833330,2798594 2574151 829419 1038282 705631
484911,
2680377,1724277 1942744 1365296 288008 2470578
255549,
1435201,
2647618,
1723766,
2778701,
2582094,
2614869,367131 2085462 163415 2165420 2266296
2745942,
2975321,
616027,
2877020,
1336925,
1967089,
943720,2773746 1487497 711229 2503787 777252
2694873,
419438,338246 388042 88495 264738 15897
1271408,2607317 58712 1542249 168154 377726
1648232,284353 2063661 397622 719754 134383
1500787,
2516596,1045262 1748876 2044449 1535721 1936233
1959545,
1238655,1063168 2742297 2070226 207885 817242
1173124,
1662665,2086932 2798784 1617152 1985968 967535
2418321,434017 2071671 56945 98877 1032155
1500820,
1795737,1928343 330951 1802297 1125851 2193392
1500784,
157347,1364714 73367 295989 192727 930093
1533604,
517745,1466359 1905375 448940 1994642 1545366
1533608,601337 1370250 2073370 445965 2787212
2188970,2630256 2372843 2416668 2157916 2548220
2735047,
2287277,1603234 1522441 462463 1817998 298380
1894065,75955 588085 2460412 2080263 1622860
353971,
392137,
747194,2001096 1540852 2025588 2137802 2359074
2057915,1853488 349892 1062218 2237979 23553
157372,331979 284353 2506100 1846802 2088801
1959623,
2418376,
1337035,
1763021,2666554 867713 2200965 1082628 2393457
1238738,
2123475,
1304283,584293 1791406 58510 559072 776503
1369821,2656530 2756581 2655087 99241 2396299
59104,180573 354774 2400070 2162417 2422646
1107681,
157411,1818300 2566422 1216189 2232322 2668801
1337060,2672208 2449383 445427 1404615 2779760
905510,910698 2558484 7712 2370248 1032911
1861350,2215089 2005001 1710671 2612491 2487214
124663,2758493 337948 799238 124879 1971570
2596676,141821 1856317 2331995 857577 2699873
354041,
2887505,335098 1413864 1360999 26313 1101318
1369852,
59135,812293 738324 798515 2129825 1790966
1648256,
2221830,
419594,1119540 1817350 2569649 1724915 132597
1206027,
1468174,
1369877,643343 1108200 859765 2158828 906022
1881611,1234223 1142815 17857 326298 2668281
255777,2402578 1761310 2162196 498131 2822580
1795876,1985154 751506 98836 1848986 1394092
2773297,
354090,434017 132342 42 1032155 2231662
2811691,
1369902,
1500975,2061398 82740 251241 2080964 1996526
1795894,
448243,1401395 930488 2439025 2404023 2313731
2079711,
878397,
517951,
1173317,
419655,2193695 74901 2758597 2631637 2115873
2352971,
649037,2682373 1922872 1967437 775080 1961885
616272,
1107796,2353151 1315346 1816150 20815 2361560
261661,38607 76330 779441 1659031 2289505
2156381,
863909,
2877282,2011761 416602 1861091 1964300 2130582
2910054,
354151,
190315,
2773309,577455 84155 2222166 1561200 2582260
780144,1695651 571482 542430 1755449 1621753
1075057,
1615507,1245397 2680359 1540178 784542 1676768
1861492,
2353014,
2058108,2681282 295989 1725448 2035308 1181914
255869,
2123647,1567510 815965 2427641 659702 2052257
1566594,1217458 2562332 2510949 1912703 1721181
2975620,
2418568,
1271691,
1637357,
1238930,
1697686,
1271709,
714654,
1140639,
1828768,2427641 659702 2353151 1059637 1444980
124833,
2320291,
1167686,331979 284353 2612491 1822613 1535261
2647974,2266296 2523402 1748104 1981992 1845355
2451375,
878512,2082511 1750341 484868 1845355 768617
2320317,1443505 2761397 798560 2111793 1631345
452551,2215089 2005001 1710671 656496 2292572
1337293,
681936,2729468 1289641 2019284 1809151 2233837
354258,
1992355,878555 904359 1835762 911996 329179
1927127,
20815,1671498 553776 1929210 372347 2001096
976863,486592 2060039 776790 2783342 98842
2058208,2298472 2139889 194147 1037173 1492153
2917476,2798594 2211387 1056108 2574151 2144083
2058214,
1298770,
2189294,
2451444,2607317 935144 109900 17120 748789
1468405,865279 1356042 2019622 1139628 1636541
1566710,1152211 2692092 834755 949006 127901
1992695,
616445,
1665022,
550912,
583683,463040 1246300 2303216 133371 2516704
1435660,
288782,
1566735,
92182,
354327,
665263,
911388,2215089 2005001 1710671 1635529 459812
1441769,
2877472,
26658,130881 1421619 2343229 222179 280027
321571,954546 20081 2346954 115309 1835008
583720,277984 113715 1750818 2142188 1009045
2811947,
2156591,1366496 451561 2429760 2181171 2227928
1681077,
2910275,
2394828,
1796168,
2713674,
2019682,
1271888,2368644 549848 2470809 90165 1909058
2648157,505923 899889 51699 2029656 74901
528741,1392594 682920 1214627 1821307 251241
2189408,
2582203,2827076 457028 2496410 517055 2116913
2287717,
125035,
1206381,810420 1322476 433109 835150 22825
2369213,
1927281,537016 2495494 478590 937062 1732727
2287738,
2812027,353404 409615 1361127 213164 2630254
1206398,
1632386,
419971,2088312 2008767 2605163 753856 408367
2025606,
2549895,2424481 2222615 697575 1090898 698447
1239178,1293328 1519339 2715394 462553 572067
1337489,
551058,
714902,688850 2798594 2785280 2574151 599274
485527,
649369,215648 1364714 73367 1458599 729366
59546,57981 1925583 2165703 1127258 1717306
321693,
977056,1885313 32878 825576 150563 1442192
288929,
1697957,289704 2681282 1918814 1834139 2020576
551081,1930615 1824809 2302465 1152591 1068127
637981,
583856,183511 545764 214974 769420 436824
2025652,
92343,824275 688481 797964 2457201 2827155
256185,
900127,
1239229,
867250,
2386112,2190670 2671449 1866829 1271297 1464221
1604640,
2844866,725084 688069 1306823 2729424 1281879
2107083,2532134 1619914 2787212 2249862 688481
2451656,2699932 1857442 2042901 203275 437171
2795212,474886 2162417 2674163 1851413 1036327
452813,
878798,
1829072,
2860750,
1075415,860567 2349262 1212340 2589328 2570159
2189529,1332298 2396545 387155 123967 1541064
2123995,
801829,
420070,
2418920,1284139 1533854 1836823 50823 186676
125163,2792854 2577451 2351696 1401275 2195294
2778834,1694422 188410 1517987 2061791 2341836
2124015,974922 1130577 2824498 2706476 2002308
2713842,
518387,429512 1709732 1254966 11657 2793364
1370360,
2222332,358534 1648453 2019284 829162 750089
125183,594728 677017 2086253 1025982 1867417
883755,
2255110,
420103,
1632525,
2648338,283546 797964 551888 571332 1227198
2156819,
2735150,
1009945,1654407 2794303 1214441 1618222 1242088
583966,
2156832,
1468706,2422248 1353741 1677421 2789357 472313
277553,
387369,1882173 1598243 22316 2579707 1769494
256298,2566422 1216189 136917 2668801 2383862
1042735,2809811 1812893 291222 1580637 56861
1272114,
2189622,767284 2148366 1047538 1861596 435011
780600,434017 2215089 1032155 2231662 2251098
2386234,82593 1588787 77061 2042901 2634975
977213,132222 1619914 1856562 136917 2698033
944449,1832309 1644872 1561371 1127915 741299
2726540,1732727 2142391 90181 1713893 2668027
1141062,
2713932,
2222417,1130577 907598 2144083 1488125 162711
1927508,779542 543577 1819205 2003921 166527
2091350,1292497 602470 1737444 2501413 1353741
2702394,824275 1905375 98877 2088312 826341
2090725,284353 2063661 2524332 2707350 768366
1124070,
1829222,
2746727,1444980 2113250 2279057 2209931 2470303
2582892,240513 2739970 341204 2787212 1470828
747891,
1877737,98877 964121 2831963 2080046 2274832
354680,
1698169,1473683 466460 1396240 833178 749239
289148,
977285,
59782,517706 1423984 2300544 2731653 2538202
256391,
387468,
2288015,
1436050,
2288019,
1599899,2581328 2321168 1113599 2624261 1584946
1632674,702107 1531661 1127909 1986277 756706
2550179,1448056 2100149 217401 2728977 2529247
1075621,1576165 21388 690294 2008280 1283140
2093688,
2943405,594728 303307 495570 390198 1109177
2615727,1985647 2426434 2181171 1959058 681627
2124208,
2434803,288746 487162 1644894 2740964 1880938
2222516,
1436086,
420281,2685269 1785090 2006718 2024684 2383862
59842,2532134 1974790 831728 964121 1545366
387523,475933 1397115 169246 4713 1208539
2812356,
1894860,
1173968,
1402616,
1042899,
2943449,
2288091,1501330 1521919 1806648 1207007 787581
1829340,
420319,
2858572,
682466,2036178 550429 1133218 2054968 551874
2779619,
2943460,
1010150,
222972,
2157036,492792 1396189 1991374 239162 2054543
2157041,
1960439,
2386424,
2943481,
2779643,2683794 273337 2698841 926840 1751016
938410,134359 465526 1311399 1533248 2496841
2517504,545859 658264 2314962 408876 567217
2724268,2426775 1069562 1901984 2158419 429937
159921,1299042 908093 750089 824582 2416814
1468940,
53677,642841 2150263 1445696 186194 725018
1141271,
322072,478590 1444980 98943 1844853 569298
867418,1963961 696382 2206055 678016 163242
682526,
1796639,
1108512,1812893 2539956 2827076 1657250 1126500
879138,
2943523,2054734 712889 2813256 1061729 839747
1174052,417271 1903197 1073461 131320 2007413
452358,
2654533,
846378,
2484779,
2943533,1017583 2555263 884861 2106461 1582285
1927728,
1796658,1231082 2222122 340064 61981 359218
27187,1110617 938102 62452 630820 1048436
1403450,
228447,
158275,
256588,
1075789,156674 360854 657874 1535415 1546382
1862222,813445 460565 1978958 1981683 450489
420431,1729363 2002916 284353 2416855 928466
944723,
2845272,
649820,
2878049,
2812515,1599662 220136 1331957 642838 1204946
2091629,
594365,1796245 1047399 835150 22825 2688509
2648692,
2702441,
2463588,
551553,
1943318,
551558,
1927819,
1829517,
451545,719754 134383 873147 1493884 2146164
2660994,1719941 212987 2371771 764375 222687
651222,
1239705,130881 1421619 1536294 1561891 162711
453278,
2255520,133371 19430 575209 2303216 82593
2976417,1365946 2467645 2182680 1434566 1124669
956951,976879 1015952 2129217 2066381 323942
223915,
1567405,
1829557,20750 2211387 1056108 2602013 33850
1403580,1943787 2630599 78059 2192837 1822613
289471,
912064,
2353857,2805266 2029217 2699806 1678472 1471148
2353861,2609142 541081 1920128 1729668 2168123
879304,
2970060,
2484941,2783034 856620 583970 504531 2116017
2838989,1458599 2602013 1299042 729366 484539
2735224,
1370836,1291238 1299042 2647727 1456733 1418055
2321110,
2714330,
518880,760311 1835008 98911 804799 303593
2157282,
1829645,1520102 1886625 1171712 1646170 2039324
1764070,577455 797894 331979 1993307 2758493
2812648,1162369 214434 366803 1443505 2111793
1701983,
1665771,
2714349,69374 490073 1317201 1130570 613697
1403630,510361 40711 571332 2231355 735073
2190066,
184787,1754274 1647515 1634138 2392068 888131
191220,801449 1451782 1105094 1073034 1569463
195710,1850135 1109177 1097131 1187282 1142498
2943734,434017 240702 1032155 2231662 920541
1496330,372009 2514951 2118584 322814 2632075
1151444,346177 565293 741410 2703816 2255147
60155,78177 2091857 2061584 843146 1893095
1337130,1618745 2270265 2427393 2001753 2420154
2026238,
289537,1047506 570224 316886 2079725 2362905
2681602,540720 1601976 946148 1885193 1776971
2190085,
322311,2568579 1142478 2239152 1847914 237748
1141512,2014122 1874674 1302235 890977 2030309
649994,638072 38681 383182 2803357 143817
2026253,1159975 2171176 2756445 2286460 2362128
2517775,656496 2304553 2750542 1522929 1999741
1469208,2421285 2221194 2192251 2028380 807485
228484,1164117 135513 423044 220200 2562339
387867,
2386723,2472048 136917 1903984 1991031 511167
2845477,126139 2380245 470263 1686228 1540852
420646,2466386 1780248 97234 196312 1056953
1403688,
1665835,245454 805592 1231082 860567 2349262
125749,147992
1895225,
1282527,1055755 1249417 2539956 1150661 1923877
2496672,
1633093,1994642 448940 2783369 2174115 684567
2386765,797894 853723 343009 24333 211071
2124622,
518996,
2210959,
846687,
1436513,
2059106,948507 2787212 2249862 1792707 2024438
1894026,
1076073,2016049 373206 1876520 1152060 2309290
27501,543777 1245383 729673 2274006 937870
1451837,2727618 2077064 2435162 2473589 1834812
1741289,2073370 445965 2421983 1433734 512480
2222969,
1731450,1318705 450814 329532 729992 1972599
2681723,240702 2682373 885470 517842 2168106
387966,
1207168,
654486,
2321289,1867575 415073 513644 1680363 24572
2288522,
2806212,
2648977,
2388215,1309397 2665280 2430057 1808498 1020159
879513,322374 1619395 750068 1064022 1958300
1305498,
1928092,
1108893,484539 1989104 2693019 2288793 337948
387999,2142416 2347347 1168858 1908154 238156
1731495,2075840 429512 153669 2592097 535118
1305512,879848 681909 1805565 2639604 646612
224169,1445120 2646470 552762 1541864 238156
2649008,1756026 1289641 2568579 549617 130639
453553,2112884 1809073 2386238 2647727 2328664
1567667,
2583481,
977856,544276 1874527 2470349 1479537 280382
1993665,615804 2552998 1273825 2690077 1349553
1692150,2240723 2624684 1906102 921157 899667
2385741,811401 1650176 2006803 2731499 2790804
2964643,
715734,2612491 331979 716358 1014576 1918612
2157531,
512506,123002 88825 224699 2160462 486333
191454,235858 1644894 2740964 1880938 1225606
125921,
1928162,1488125 2171987 162711 2214477 1648053
486385,2581711 1480702 2625618 963300 537701
2518003,303176 2517470 676036 2281459 1128771
27638,65398 2112471 2581273 1439298 2591207
2878456,1657243 1244176 690194 1175356 1951410
649044,
814075,
781310,
2092034,
2354181,1891178 2555165 316464 2537726 2187173
224262,
846864,2479311 285686 827038 413816 1372610
486417,
1862674,
1207711,1705213 312742 573297 1700653 1492724
2747414,
2944023,
1764376,959885 1732682 1577199 87014 864923
1371162,
1928224,
289825,2353005 2068573 989274 1350798 503493
2092066,1169036 2193209 1068127 2158828 1282647
2845731,
2059301,69374 2427641 659702 1940891 2144083
158759,772103 63688 1950458 337927 366457
1371176,
261298,
650286,
1436720,2663711 2328044 1765673 447999 2188841
420917,
60471,
27707,
158786,265966 623697 10414 346302 2623058
27727,1109066 4285 2052257 266906 1364460
60496,
1469522,
650327,
2387032,615804 1479537 255899 280382 2595250
1698912,2128547 2812905 1410587 786464 2823409
1440955,2274991 842856 1471966 2126749 2292572
2387044,277984 2297159 54921 2103457 2427641
2720020,
1207401,
2134055,2565930 407630 2456910 1044440 400233
224374,1015952 878620 1530691 2517572 460345
1141879,401803 1234223 1162836 1394911 284656
781435,
1633407,
93312,
343232,954546 251241 1292460 1713673 1818503
2419842,2215089 284353 2063661 460678 2428631
1141896,
1305738,
453774,1291238 240702 1299042 84155 843976
2223255,
1535128,
223087,2215089 2716186 1262244 1901941 424498
1659420,
2223275,
2911404,
2223279,1532729 383182 1875699 102628 614512
92019,2243399 46585 852231 848732 296923
552117,
2949927,1038282 829419 705631 258509 1062046
2354360,
1371321,821443 2351474 158270 2738771 674679
2682044,
2288829,1729363 1370250 2662405 924151 431895
1174721,1798236 996751 1611854 327227 2660701
27845,1847429 1585059 859458 2676144 583852
158919,
486601,2422622 2787212 2249862 2144083 705631
1174736,2188687 2352903 319853 2559930 189300
1371348,
1797333,
1862878,1812893 2801716 349833 25577 2279318
158944,
1273062,
1240296,69374 490073 1317201 1130570 77061
1731824,473807 1677096 1283012 487023 2470411
1142010,555406 1510962 2684755 2828039 2213412
1731839,2602013 331979 74901 1856562 2487214
683268,
1010950,553776 643651 1162243 2761397 66635
2361044,2816866 965983 736911 148365 2220468
2354458,1309260 1070096 43165 1023397 502082
27931,
1436956,
2467717,1016002 2144083 1016960 904325 2012942
1502499,1285780 1483671 265570 2488179 1792747
1436964,
1371429,702107 1531661 1231082 2809246 1414730
2485544,1814179 2462964 434948 704947 258239
421161,
1830191,478590 1444980 702915 2152573 1546313
1338672,2336366 434017 1032155 2231662 474886
322871,
1043769,
2583874,332171 2723846 1414936 98877 826341
1011011,2612491 2427641 659702 331979 2353151
2714951,2457201 2800343 2352526 2761042 1305700
2125130,2185192 2657417 2240525 2069146 1314151
814412,
1604834,
224592,1746283 892232 1577023 2627564 204273
1600853,
1404246,1796245 2650915 1894967 19813 278302
2288987,395066 649952 1957070 1748876 1045262
2420062,2552998 2321168 1142853 2624261 1931189
543224,
1699178,332608 463752 2380245 1470828 716416
2780531,197536 827837 53431 99464 123589
421238,
1273210,
2878843,
2757184,
1043848,
1633682,2729468 1809151 1602196 1880819 2342842
355733,2289505 2051866 99246 2340664 978322
2780567,552762 2646470 1541864 1598204 2833960
1404313,577455 2552998 463752 2221194 2421285
2354591,1374739 1730302 1661665 1577023 2627564
1142176,1749760 2069038 279015 886768 1560693
408816,
1699237,19430 533544 2788697 1003779 919973
660040,322374 114591 750068 1619395 1064022
2387379,
2059700,322374 2144083 1444980 1010391 268677
490740,473807 1677096 1283012 487023 1912745
2059712,
519617,400928 1403082 1148906 810811 2411497
2092482,
1142217,540720 674791 1639028 1862086 520673
1928651,132222 1619914 1856562 136917 2698033
1338831,280872 1241069 499071 626099 1858597
880088,434017 1032155 2231662 920541 1286086
2747877,1739321 1126944 376889 1052450 333344
290278,1127068 592379 853723 786938 1005422
1928679,1753441 1069411 1094978 2659413 2654414
1175017,220200 1853488 438736 370557 1917673
1830379,1612992 414216 1445068 162820 712284
749042,
1666548,
1306107,
1076744,
2354698,
2289173,
1142294,619367 2306891 665775 2052995 1651680
1175063,955771 2186986 1888114 2669381 132073
912922,649952 2734772 2168153 1576165 1957070
290335,1792918 2835320 461881 281319 2613923
650784,
1666593,
1306152,
2190897,705631 1190785 1529035 1315346 1816150
1047817,133092 2612080 1023332 133593 928461
2256440,2763794 288746 1931070 2088312 98877
2551353,
1732156,
2125374,2809485 281319 2613923 1457483 2016049
2780735,622908 1676768 1014491 186843 1150485
2158144,1581129 2504735 2070226 484267 913507
552518,1074097 2485053 2658586 955462 2143054
28232,450142 1265894 711176 1207661 591049
1601100,
2682446,
126548,
61016,
2682460,
388704,
388705,1618745 2192251 365574 1321795 167436
1666663,
1244434,2408753 781776 2584911 2088312 2786226
1109614,434017 1032155 2231662 920541 1286086
29212,573265 2732206 2438339 222596 1392855
1568379,1815898 684753 405121 2166404
2649724,339793 2129061 1695248 2386304 1902403
2485886,1728580 1553937 2047001 986201 1913531
1175172,2050729 2369484 2000797 2104527 963300
2276630,821591 1274284 316152 1918612 1251946
1633927,
2760410,2787212 2249862 2144083 705631 1630484
447084,
2322058,
1047831,2451258 2412023 2167896 735471 386188
1273485,
1535634,2532134 2612491 2581364 331979 1172283
585367,
716442,
1765024,
2485926,2412141 1864896 716358 1528681 279328
2780839,277233 2136671 1860370 2536313 1548828
1732270,1775932 133115 752145 2482849 1503154
1207985,
126643,759644 241745 410095 2012172 990942
1633974,
2151028,2240723 1585505 1568968 159167 1963226
945851,2798594 2574151 1374017 487356 2167040
650941,1847429 817466 2803840 448567 1919854
93887,1641894 730698 2077328 2254951 367278
1765062,1733919 2063162 71878 761223 1987689
782026,182398 173225 2239681 2169752 1720089
2593399,1128474 1226767 1386591 2215521 366675
1441236,474886 2623058 340064 2222122 2825132
2320333,1433892 1592641 2033468 1680085 629430
323284,
2511482,2450938 1994269 2310010 383917 1403842
2453215,186983 1532109 2085237 1724825 443864
1732328,2574151 2314098 482700 2261071 682920
2387689,1045003
93930,2085139 752443 2005840 170331 2429398
1339115,1130577 1541064 2785280 1648594 1940101
1404654,
2977522,
421622,2528885 2770753 2204352 1458632 170075
488681,
1787012,
1830658,
1994501,498117 689417 103979 817466 1342221
2092807,
1004786,1345401 2392554 1394698 790049 1083410
2649871,991891 623697 1456733 1504508 739993
1703214,
2780953,
2322204,
2773637,
519977,
126771,1419487 878369 1337199 2440948 1786371
2813748,2532134 964121 1619914 2537098 926099
2813751,1448056 1933880 2322437 1056953 1246385
2780993,
1503042,
2944835,1975482 1572979 558104 126313 1610099
2912081,2685269 1785090 2006718 135474 2411425
1175379,1881484 2813174 1998828 2165420 1056961
520020,
2813781,
1535830,
2715482,
1240923,410892 1094102 2304804 2824576 2640119
2617180,2624684 1775817 1862086 507181 1118070
421726,
1011555,
2322276,1521919 2612491 2653289 331979 1016960
323430,
1307334,
61298,
2322291,
356212,2351826 562902 819395 2259324 1893917
782197,2561061 2013723 1165695 2748514 187641
1699702,2375555 2409115 1922018 2118668 1433780
2781048,
2977657,82041 333344 1291674 2222748 2226110
1175418,1876867 2538966 2797019 1049131 1630283
159617,2211387 1056108 240702 2173254 1974790
913286,
1961866,
1828845,1580300 1231082 2088801 2222122 340064
1994642,2809811 2497790 2162855 1261235 1139628
257940,
1666982,
1634216,
1634221,2624624 1811414 511167 17607 247896
421810,413348 2591587 848493 775080 848344
763891,378275 1556478 2489725 69520 2296371
2355124,2427641 659702 2353151 1059637 1444980
2060213,
2748345,1792707 2276777 1620684 473936 1077888
2800792,
1929147,
2944957,2215089 2005001 1710671 2427641 659702
192447,434017 98877 1761976 2088312 1032155
1470400,
1437633,789074 622294 172929 266880 269298
1146188,
1637709,
2224080,2690266
1699793,
2846675,
159701,1775879 879952 1872184 2823192 1123029
2748374,1545366 2783369 2174115 616944 2138700
2486231,
2486234,1448056 545052 1510962 555406 2101564
1503197,2066452 2525457 1573482 251793 1188585
1841690,
1667044,2541591 103612 725135 786300 580996
1142758,
2158567,1542249 977158 2021291 2744469 2196369
2715625,2647296 1443903 2761397 2192826 141656
2879467,
2813932,2386676 2215089 2005001 1710671 463752
873858,2002916 1809073 1848502 2833091 2256646
1896434,
1929206,1462754 2153107 229406 50594 662512
1273849,
1470458,120857 56945 649952 1444980 2427641
1273851,
1175549,2115920 1396801 381830 2786395 2406976
2682878,
2551810,
2060294,1058590 2456470 2240525 2069146 1703589
2945032,858917 2756141 755922 1161727 1371585
1961995,
716813,1567510 815965 2792080 1745736 361652
2387982,
552977,2160801 624724 155213 1032579 1329627
2650131,575209 449489 19430 447063 458378
1424729,
2682905,
2538143,
946204,
1208359,1109066 2157105 2028380 2550303 1519821
1372202,
2715693,314930 1231082 2277225 412007 1918612
48478,1828165 2213228 1998862 301390 326075
1667129,223551 1902087 2696832 1929749 1244553
2715708,
1798205,
2060353,
28739,1936036 226020 1734770 296375 2441264
2367618,
2549772,1155321 630030 1274885 870890 2814747
1536074,
487499,1785310 119267 2180371 896851 1176414
258124,
662182,2132142 20081 1912149 1063049 1553863
2125905,1451153 160179 1811700 1415680 1921797
913492,
2846809,
2060379,747731 2080964 717473 24572 1761310
2964838,
2879590,737209 1102111 851820 2197245 1750793
1568872,2612491 331979 318334 1014576 1506441
2069180,
585839,
1339509,2001549 2089104 1839688 85611 611826
2420859,
589162,2215089 2360494 1968969 1974790 2640230
2846846,
2945151,1612626 35733 1806648 1207007 787581
94336,
28801,605165 788808 1884645 2130753 1975922
979075,
1665046,
682007,2759803 2619703 1160406 2530608 952014
2224277,
2650265,615804 1747004 1127258 2404023 611545
1588591,
2519199,594728 303307 390198 495570 24572
1831073,
2648092,1802574 2080726 2249862 2329851 1720349
422059,343009 2177634 1212540 1904255 2325489
716972,1247531 1621675 810394 1982277 898582
2289837,69555 1785090 1730812 1122442 2396545
1071359,501957 567958 2178845 1599662 1115569
356528,834755 2692092 949006 513644 1910662
2519217,
2715827,
389306,
1437885,
880830,
2039192,812853 423044 1420012 1037296 2338401
1817974,
1962182,1953318 2248913 2793443 2420038 845945
2257096,43511 1105094 1569463 1451782 2785029
310647,75638 2566422 1216189 1746898 1316226
1077457,
454866,1408860 405164 1047899 2138117 156600
717011,250918 1851369 1124669 2517735 2598411
1372374,
913634,
687484,
2289904,1933337 2212116 1045262 1748876 1798236
2453747,463040 1246300 1776939 1724884 2790001
2814199,
127238,
1372424,
2486537,2276777 2175217 2625550 1741540 1573166
323851,1032078 1856562 383917 2619359 2481409
1372429,69374 1535261 490073 1317201 1130570
1921752,
1282777,180573 354774 344677 2770753 1409968
2571652,
127260,
1601822,
1503525,2374991 2118668 2471859 1906115 2182550
632881,1070119 2640339 418435 1011519 363881
225578,
28972,
454958,
1143087,
2945331,
1831223,
127289,
1503549,
192830,332608 1528850 2326442 1157444 2180371
749887,137428 1292577 568586 2553566 1976502
2552129,795737 59759 730112 691232 861841
1405251,705631 1386100 2809096 2567306 73920
1536326,2569649 2630599 943804 274172 983396
2519367,
2486601,70482 2063661 1529035 1918612 1456733
487756,1127068 2621330 801449 696626 1851369
1470797,2136164 883402 1350866 1914898 1355248
2060624,
1012049,434017 1032155 2231662 920541 1286086
1372498,
94548,
2375054,
2945367,
2715992,
291162,
1831260,
848223,1754621 535118 12288 2248769 1805754
451603,
520547,594728 303307 495570 390198 2427641
2584932,2753633 2427014 2426517 1512458 330234
1725158,2302465 2546689 2094106 1222919 1637068
2191720,1368429 1129869 1397268 1232188 1983797
2748777,500332 1353854 2168147 2551327 1061346
2519402,
192875,
2413289,726106 716358 1808498 2665280 2430057
946553,737209 1680290 2211387 1056108 318334
2224506,
749949,
2191742,1068916 589841 2041468 42282 818571
1012096,1802574 69374 2532134 1739321 1529035
2683266,2279316 1247833 2243162 599226 148365
815492,
1143176,2329357 817466 1350836 1396240 1854566
2453898,953139 1935474 2569996 708674 472894
1307022,
29072,
2948504,
1995162,2637013 996988 1479804 251951 1100835
2224539,
2683307,
61873,2246061 430893 1979556 2517046 2514134
455092,797964 1761310 1127909 1418055 2335094
2047390,
1896888,
2961065,254084 1145974 1221284 299943 811602
782781,
2978246,
2748871,508827 818118 2148259 1163641 1823483
2945480,2777730 1763503 153669 1406990 899470
94665,2090870 2033468 214888 2579707 447117
818594,
2315000,
2027986,
225752,
29146,
1896923,
2388446,418721 2673681 1588640 976482 559563
192991,
2585057,
2257383,2146682 1913101 2437007 420164 845175
979432,
1372649,
324076,474886 2162417 2674163 1851413 1036327
389613,1420570 1702003 2488596 378812 138552
2748913,1815581 876958 2095068 181260 1601651
586226,
1241589,
2617849,2215089 2005001 1710671 166527 797964
1765882,1433892 2030285 688647 37302 1444965
1274363,354428 306752 2229231 1368695 788623
979457,1761310 1588566 306719 1019671 2329357
2796447,
2028042,
1962511,291888 1600649 1823782 1083410 875364
2978323,1480702 2229193 1358856 1564941 1313186
2028052,98877 826341 2662405 2541195 38607
2421270,
592365,2057527 2454411 2767556 1419369 1267279
2159132,
2224671,
619045,
2060839,
2617904,
2814516,2532134 331979 2787212 2249862 1883491
2814518,
193081,
750140,
2781757,2581364 80806 1328258 103979 1510033
2945598,1433892 2321168 260617 1732856 2711849
1929792,434017 2509545 784614 492792 1032155
1864258,
2552389,2370096 760016 1700369 766373 1305514
1765958,2209425 1365946 524082 1752921 2005500
1864263,
2519624,2238490 1862086 2674163 1728580 2833091
1912634,
2650700,
1224131,2412023 2451258 986175 299943 1045194
2290256,1947991 1542349 797919 2803046 1515517
94805,2785280 2427641 659702 853723 1135075
2912859,
1176159,
1962596,
2650726,2212459 1577023 2627564 204273 596909
1995367,69555 2582353 2120398 2285654 2793783
2519657,2394640 1986630 1917088 2708140 2542647
2617968,
1995377,
912069,
1503860,2135234 2175217 2447779 852283 196390
127607,877063 549848 2368644 2246061 430893
2683512,
2486905,1797599 279015 886768 359531 2093827
2388602,2809811 291222 1580637 668310 1705213
389757,
455295,
2190874,1231221 178439 622008 1227554 2638762
2323076,
1241734,1120949 1796245 709930 531721 1238752
291470,1698911 1593193 2129899 589258 23553
389776,
1733266,1802574 2249862 2314098 1135075 559731
2323094,
1012377,
422554,1528420 2383793 439666 679757 1509957
29340,
2847391,2632498 44064 162711 1535261 1163641
455330,434017 591015 1032155 2231662 920541
2683555,2329851 1720349 2123603 1521919 1010391
2945711,
848566,2427641 659702 705631 1816150 1315346
2683580,668310 2003509 1972214 2446069 2268044
2618049,
1307331,
94918,
881352,1584276 847850 15093 260542 1984067
2257610,2463867 1231082 510361 2042261 2411425
1233698,
2093776,
2912977,
2609955,2028351 2742674 1985892 1382180 2092409
520918,
389851,524846 2096297 45764 1695248 2386304
783068,1032155 2231662 2380245 277984 2430113
141434,1438052 2094728 1488125 162711 1836752
2552542,
1667807,
94945,128261 643846 495677 411510 577286
258786,
1700582,1309258 2532134 1355248 1228709 1940891
422634,
914158,2532134 2581364 2427641 659702 705631
226031,
652018,
160502,
1381161,
2454265,1714022 2598411 1124669 2517735 2118379
2781952,
750341,1178809 763780 2692236 318847 1793515
520966,74901 899889 1207007 1806648 709316
971564,1587300 39007 2029866 2163200 433026
2580365,575209 211071 1601976 946148 1981654
267053,
586515,694689 956384 2012988 1018119 2611497
1798933,
1307415,
2552606,2112471 1439298 1207007 1806648 787581
2683685,1732682 1747004 1495932 2833243 811763
2618151,
488234,
2224947,
652085,
2519862,826341 1691696 1068127 1213840 561790
2978616,2656530 1173448 407905 1370952 2424265
2945849,2235284 623697 1456733 2377314 2046659
81375,
2618172,
2552638,
2716483,
2768353,
29519,
2945874,
652120,
2913116,420164 1014491 186843 1150485 1266804
2782045,
324447,
291686,
2386065,
881512,
480060,
2388843,
914284,1444980 2427641 659702 478590 2353151
160623,
2028401,
1897332,
2880377,1098890 795787 2381714 171527 189231
1930106,
1700735,
2880386,1501330 1770997 1567510 815965 1460472
2418838,1231082 314930 284353 2001096 1822613
1897350,622908 1700653 420164 1676768 1014491
848775,
1471369,
947082,
2730135,832422 129506 2581364 1740382 827242
226190,
2959512,
2585491,
2290581,830923 2814202 195056 1439298 413753
2126742,
2028441,460678 2428631 1628809 1940891 2581364
2978714,
291742,82593 82475 172629 1857658 236745
1471396,
816038,
586665,1849185 2476034 804412 2147776 1410508
2028460,2422844 337898 2833091 755145 284118
1078191,
881584,463752 2321168 1929749 2109883 2028380
2978737,
2159539,1818300 2162417 2710271 617970 2445029
619445,
1602489,1066722 1927458 2458767 1479382 1015108
1864634,1648877 211071 907239 2589758 939813
1471419,1354902 2559996 2276777 965983 1018200
1110972,
2978751,
848833,1360999 26313 2811152 668310 2173860
1045445,
21324,1539292 1023365 10572 1071287 200065
2978764,
881613,
1405904,
1525296,423044 498876 2589758 723903 2049304
2028508,
2956859,2612491 331979 2703186 1014576 1091253
455654,2504569 82475 172629 2175217 837792
357356,2598411 1181799 258214 2451519 2583286
1938258,1702856 98877 2584911 1460472 2437618
1668079,
1111025,401803 1265894 450142 1698617 2066271
685045,
2779305,
2487292,1581129 2504735 2796643 1149576 1879987
2520061,1709732 692364 157871 2087100 2792364
1850880,98877 826341 2662405 2541195 38607
1340419,2011761 1964300 416602 1861091 511167
521222,1603261 378275 2681991 2690668 1381100
783378,2803562 2116071 1754167 65781 2383901
947221,2093827 438750 1824447 2411149 1908784
947223,1898953 2285953 2667574 2396445 2735018
979993,341204 2739970 1819171 1898035 252614
1435823,
455713,
783396,
717862,2701014 810394 755642 1187287 931909
586793,2649610 2168609 10414 2283577 2379193
2866696,2517944 1471146 630403 1022333 219864
1976499,197536 324604 405038 1209944 165999
2487348,
2599093,
2946112,2694416 1474495 346600 1736358 816362
2946116,908729 2532134 932643 939511 1207727
2651210,2809811 291222 1580637 56861 1836823
1307726,70482 1109177 220200 2466386 1193802
1190072,
2028626,
2511715,698332 1165366 1075811 494952 714611
586837,
2913367,1688403 409615 1361127 1070096 1746739
95321,
1930330,
1897565,288746 1931070 421981 1732727 2142391
1406049,
2356324,126139 643343 2427641 659702 1058968
1795901,2609142 1225972 1938542 1707197 1621253
2926781,1023332 1366496 551888 786609 1461748
1495912,
1242231,
2520184,1976759 1309397 19890 2522338 1397026
518335,676036 117546 2279648
1012861,
2693902,1506339 2223028 2690337 898457 1169446
2880643,2753710 347372 1593341 1169650 1030278
1176710,1032155 2231662 2430113 478590 1036903
2389127,2552998 1016002 172929 1864896 2608408
2094220,
488594,
1766549,1032155 2231662 277984 2430113 474886
1766551,2215089 1822613 2005001 1710671 284353
193695,1669475 2063661 964121 632304 714364
1910755,
226470,
1471655,2182335 2116071 1754167 485548 2715344
2749612,
193711,
1075400,2525928 2091201 2617904 1507605 1670443
1438898,19430 1981654 575209 211071 1467771
1930421,
2979001,36349 230408 89873 2198733 1545216
1340602,
1307840,374590 1809073 132222 1619914 1519327
1733825,
2913475,1304940 533544 2788697 2682373 1197175
2815175,1449898 1874527 262759 24333 405190
1373386,434017 1032155 2231662 920541 1286086
2205901,
2520272,
1818147,2809811 2626501 98877 826341 2742331
1307860,1841480 98911 251241 2148096 1535415
1799381,594728 303307 390198 495570 513644
824799,
2888569,
2749657,
1864925,284353 2063661 2097238 2185453 2252138
1209566,
1995999,
343590,
1373416,
430972,
849134,2215089 2005001 1710671 1271633 1444980
455924,1153982 1204891 729673 2274006 2063661
2487542,1157444 2053218 2370248 2577829 1792276
587000,670873 2430353 919179 92038 1568323
1176826,
718076,1058968 787780 1258860 1022592 2650158
2585855,277984 247460 756294 32871 1352114
2134912,2619359 2481409 2735013 1452119 645596
128258,1460697 1773328 1761356 1765000 1826815
1701125,2346954 1465306 654651 1256795 2541133
1832198,2046674 331979 2120398 1214314 1115456
2192647,
1406217,
813271,
1864978,
2192667,
1045788,
587039,
1799456,1691696 2298234 937919 2450689 1845355
1176866,
357669,
1602855,1168559 2409745 915003 2790036 2311213
2290985,
2454827,
2684204,2464124 2530896 1327753 1631618 981338
2716975,2787212 2249862 2144083 705631 1630484
357683,
554293,2278075 1239931 530869 2430632 2541225
1064481,
2684219,2359303 1656510 1211842 1149811 2072104
1242428,
685378,2128547 2812905 789186 624162 681205
619844,1246385 1056953 1973144 2236464 1111757
980297,
1865037,2504735 1589276 1564765 1942629 2489546
2782542,
1307983,487162 760311 1073486 2774765 1894967
1897808,
2291025,
62808,1658473 170535 355417 24962 336686
830259,520440 1332538 856362 1327639 1361062
2432038,2677522 165646 1326243 1567510 815965
1943781,
2681062,
554342,2601925 2162828 301847 2233895 39598
2520423,2427641 659702 2353151 1207007 1806648
423274,
1701229,101903 772103 1032911 647579 2489012
2866749,
1635698,
2691987,
2880884,
1451113,
980344,2020285 149959 29512 500097 196390
2749817,2532134 20815 1149576 1188378 1926970
2356604,960446 784542 284296 1544842 201226
1397653,
2291073,1790536 2061398 277984 2353151 760311
2585986,420164 2291592 1700653 503522 1406990
2815363,403608 2695727 688598 357478 1066213
2520457,2085877 2009693 927590 141821 1041357
1996174,
1144207,
1963408,
2782609,
2094482,
1963412,
1504661,
1406358,637671 2054734 847978 128026 1070542
1799576,1989104 2693019 860926 1868051 824582
2192793,
2618779,960446 2457201 784542 2800343 2352526
521630,1532729 1271151 2522444 295490 472894
2684321,
914850,
1045923,
2160039,2162971 1816131 1484238 450212 1180713
1352913,1342128 1263789 171740 2675738 144818
751019,
2454957,2510297 1176848 1071287 200065 1689147
1949256,360821 891814 2805041 690167 453607
2487734,
357815,
947642,
2520507,
128444,
750610,198849 576813 1514830 1028934 77573
325060,
259525,
1504710,908093 395402 1502246 1821345 471614
2249633,724685
1897931,2222615 697575 367228 79279 22996
2454991,975338 784719 1319656 367075 1933345
2381850,
2946517,
2029015,
1144282,668310 1542217 505920 312964 147884
1603038,2035360 1719302 515888 1280298 2284196
2225631,688481 797964 2457201 2761042 517842
2291171,
718308,1985942 806983 864545 2586362 2727169
1504743,2135943 1410393 2305349 1048436 356617
2422252,483992 442959 2787212 2249862 2144083
1635828,
777890,767284 2680680 1510033 2148366 1847429
949844,
1177082,
1799678,
1111551,824275 1418055 1615899 318334 567217
2894080,
2127365,1492724 869980 2584498 2279057 1685185
2946567,1221232 553458 1610812 1456733 62689
1570317,904325 2012942 573265 1283162 1318184
849424,
292369,
2487830,
2749975,98877 826341 2662405 2377776 1457839
1353988,41566 1398668 1878533 1264678 2243193
2979358,1658473 2685269 2070226 1884600 1785090
2192927,1403842 1856562 383917 2619359 2481409
2455076,
2782764,959357 2160113 2304289 2130669 1787372
390705,2716186 1152591 1732682 73230 2219806
1733722,705631 2175217 2816866 828956 1386100
2029111,123002 88825 2523215 2738174 378275
980538,
2618940,
554558,
292415,2463867 764238 1177856 77341 785716
325184,2805460 1732682 525994 36642 1338430
2717250,395066 2008767 2664998 991733 275328
2574984,1518806 373470 742557 2545244 1031275
2553419,69374 120857 316152 2221194 2421285
1537613,1032155 2231662 277984 2430113 474886
63061,
390747,
2455134,1931070 1479537 280382 255899 2779760
390753,2370248 2120398 1123646 123254 1300454
2455142,
751208,
1242729,2402523 1841480 251241 2359303 2553721
521835,
1734253,
1701489,220200 709316 2392452 619120 1603261
1865332,2333945 2690077 1349553 2668801 133371
882301,
2058517,
2946694,
1603208,2271935 1014083 383928 1758600 1125484
2651787,
1439372,1796117 225268 2049238 1545366 626960
2553485,
2227821,
685712,
1577923,
2913941,
2324120,135566 460345 2653052 355353 2400418
1046170,1333386 1242836 316687 837013 379362
30368,
882337,567217 2734772 2168153 787581 808239
423587,2760262 556473 2080535 1314883 184542
423589,561790 902999 1516770 1558376 1444561
2455207,2080726 284353 1163496 1817202 2258669
751272,
2782892,1309795 2209930 2279799 1839808 2448210
2389680,545052 1016347 410738 1453382 675327
1275569,1919757 1666829 646933 113715 1443903
1801844,352782 1933337 2212116 380330 2229818
63163,
521928,2329851 1720349 2123603 1228081 3309
1111754,1090482 721935 1866771 2319909 2316686
1730850,
2834040,
2914004,
849622,
1996503,750089 10414 1018200 2567 428412
1930969,
2881242,98877 136917 964121 1705213 2584911
2619103,2584911 71837 512480 1433734 534448
381904,58712 2063661 964121 1535261 2191569
2684643,
2553574,
2258664,
2684651,1513070 797859 1676612 1996121 1389423
1930991,
161521,2705505 1763556 2205631 2168446 787780
1898226,1849168 1667102 157778 1551685 1130453
685813,
194294,
1439482,
1210107,1793806 2727618 43566 463752 1342530
123936,737209 1826042 1339615 2154430 1126981
2815744,1674348 2824967 1761161 2624624 917982
2651910,
1668874,601337 1370250 2756594 2158828 787780
751372,797894 2329851 1720349 2123603 1331254
1799949,
2848528,534380 743906 1164925 505344 607353
489233,2198479 2608408 2702591 1408432 2377969
1996566,256520 2199920 2693107 1374017 487356
1373985,
653097,
1079082,46364 2634667 84276 1318531 1884900
2324268,1426108 18906 2111345 1809881 2001096
1734445,1898953 2120398 186026 1545366 550429
2651950,
1177391,
1636145,
554802,1460472 861841 1809881 1180692 1914829
2062132,1643147 288746 1931070 82593 1276280
194359,1524057 2430113 2739498 2002916 284353
1963832,
2193211,
522046,
2062146,
882500,285180 1236165 2177516 2250036 1917137
2586438,
2291527,
161612,2402578 1761310 2162196 498131 2822580
2659298,2650117 937870 844073 300205 1287980
1411848,
2258767,
2839087,2427641 659702 2353151 1059637 1444980
489301,2070921 186524 2030502 1412784 2732341
63322,
2455392,
2717542,
2717545,901493 492792 901573 81058 1119540
96109,959357 2160113 2120398 919932 2140677
522094,
2550077,
1111920,1733639 1147148 2656389 2182054 2210262
456563,
2783096,
2258810,
128892,1246450 2815999 1292345 2019622 719700
292733,2260240 679142 405121 739725 708631
161662,
849791,
1734530,
1963907,1574776 2787212 2249862 2144083 705631
653189,
2127754,
1800075,
1013649,155489 2649178 2194529 337927 366457
2474611,2016744 1894967 1364714 73367 1841803
554900,2796406 831728 1639028 463247 2549156
2151406,
456598,1856562 1360999 26313 366196 345958
1210265,179549 1943787 2827076 973444 2701045
456605,
2422686,1222335 36209 1648453 358534 2721595
718754,1140650 1943787 1362521 2622527 2140940
2619300,1785090 801554 77341 2195097 2575890
1537963,
2488238,
2815923,1543103 2623892 1741483 54196 1234275
391092,
2979765,
1832889,2178086 2830728 2401290 1635286 2511978
96187,1823782 418195 2326290 908151 2208267
1963974,1032155 2231662 2430113 478590 2381452
2324424,2011600 547387 1644894 2740964 1880938
2947020,
1800142,
1112016,
1341394,
201721,
2462611,
2652125,2798594 2495494 2574151 1258950 638072
1013734,
554985,
948202,
2642648,2222166 1561200 2582260 318674 115560
2914286,1504508 2779760 777285 2579095 637050
2609734,359183 2359682 1023441 906411 1598639
2763093,
2979840,
948233,1242437 343009 1461722 1106820 2735681
2291726,434017 56945 789249 1032155 162711
2129581,1062046 559731 918961 2026011 1392945
2691132,1653217 1535056 1089730 182877 2157200
1832980,
1636373,
325656,132222 1619914 1856562 136917 2698033
1505305,705646 1535674 423044 184878 226281
1046557,
1800223,
2619424,
1734690,
1964075,
2127916,2412141 1433892 1884600 159108 339793
2717744,
2127926,2172437 2308478 2608015 824838 2699702
2684987,2411342 1775817 760311 93207 2459278
1046590,
2357312,
2750530,1070119 2711849 1366496 2085519 1889008
1872907,
2160712,
227413,
2652250,
2586719,
1865824,2427641 659702 2353151 688481 797964
2095203,
2488422,346780 2833091 1011285 1638435 2545290
63597,681030 2629398 1735304 1381918 1578384
522351,2033260 5397 2633044 306331 148365
1046640,2006718 2146229 2080046 2449973 729366
2724883,433109 2781299 2244812 93207 2006029
1472631,832422 1770823 1974159 92916 1324039
2390136,1492787 1110229 2416855 928466 4770
1112190,951730 1696294 2545290 1732031 722493
2062463,
1538179,492792 2742331 2050517 461312 1847429
2553988,478590 716358 1444980 2066452 75638
1505413,2254522 419443
620678,
2193544,2466386 1289641 211071 337370 2248322
2816138,
2553995,
915596,1057717 904359 537149 1450054 378988
1931406,
1669270,
653463,470263 1458606 461111 643430 23406
489624,2209425 1019671 154578 526921 1761310
2422940,1512154 2361418 1556478 2685676 1717226
653469,490073 1317201 1130570 2612491 1521919
260257,
1734826,
456877,170535 251136 2720689 2640339 24962
325812,
2102302,516002 623697 2541099 444228 1267104
1079480,
2291899,
2914493,
30910,513393 817466 2437618 853723 2396445
2128071,
456906,
2685133,
1439953,2215089 2005001 1710671 1460472 984543
2947284,2820292 2020285 1083813 2427641 659702
194775,1903759 561893 2124560 1350520 2235885
489699,
391398,
1374440,120857 2109883 797964 1418055 832422
719081,
915690,
1299496,2507272 319279 800395 2701150 2607289
653560,2249877 1457108 904714 1448143 1436667
456954,1798053 2284684 872734 51423 2444681
2324731,
41403,
1374462,355467 6102 2826229 1654198 914398
2226432,2527175 852817 1418206 676965 902953
2521350,26419 1698077 287119 2504076 2016307
1800455,
63753,
2029835,590230 1796345 1318705 2104587 338001
2750733,
1308942,
162063,
1375960,
2816276,
2947359,
1112354,1806753 2042957 764238 996462 573265
223622,2427641 659702 2353151 1059637 1444980
1059207,2211387 1056108 1197175 877063 1979603
2921522,
882991,
620852,
2193723,
2849086,
1997121,1849168 920958 1766368 2528885 1130453
2193732,
2554188,1975482 5397 2633044 2033260 555553
1964366,2085877 2209425 2320915 97234 196312
588111,1460472 250918 1258829 1675248 1094040
2249784,120857 1567510 815965 2581364 322374
1245178,
2293529,
2947422,130881 1421619 2640230 2075071 1536294
2816351,
2062689,
1789212,
1603949,1904714 471614 402229 1705792 1142478
293230,1581129 2751440 2093746 1271633 612698
2816370,
2432073,
2834153,
1472893,
63872,
1669506,2019284 1716899 549848 2368644 1105508
424323,130881 1421619 1561891 408367 1940891
1964431,
2652562,
1780121,
1079705,649952 1919757 1327639 2204352 2770753
2390428,587699 1466359 1433892 339793 555406
260521,
1184839,2729468 1592641 1809151 2670799 984695
2139652,
2226607,
2894238,2798594 2574151 1374017 487356 2167040
2816438,
2652599,2356575 1176210 287745 2135234 2304407
2128313,2215089 2532134 2005001 1710671 2574151
1341885,
1374660,2680359 1540178 1899650 1834882 2458118
982774,
108961,
1538504,2080726 284353 705631 1115569 1292636
2572023,
1440204,
1649059,
752085,
802553,
1309147,
1452453,
817635,
1636839,
2259432,69374 2144083 1879987 7712 596909
1702377,1512534 579661 2524442 862340 203409
2521584,
1889363,
96756,
2062840,
424441,
2226685,
391678,2427641 659702 2353151 2607397 1473683
1964543,1041413 1139216 1948994 2117370 2477069
2488837,767284 2148366 1879987 1047538 2607397
2703105,1052650 877917 956384 1065684 1348369
2947594,2069038 1232929 76572 1970039 1539292
2193933,2135977 921157 616944 534380 913507
1735182,
2390544,1581129 2504735 2050729 2369484 1879987
1046343,2215089 2005001 1710671 1002289 57762
752149,434017 92014 1735341 649952 1032155
981526,490073 1317201 1130570 2756594 1058968
1243671,
1374747,
2823258,
1678108,
2783783,
2030120,1451586 1098163 2371232 20190 183787
2488874,1504508 316152 2738174 2779760 1322730
2488878,434017 397984 119661 1458599 1735341
1800752,2822386 1382486 1336360 271919 2299440
2390579,
326196,279015 886768 266880 269298 763119
2587189,2449021 1162004 343732 1479026 154753
2468276,1354902 2559996 1063561 473936 2234525
1899067,2787212 2249862 2144083 705631 1630484
2106923,
2849347,594728 303307 495570 390198 2132142
752196,
522822,643343 2625550 1741540 797894 2310010
2783821,
1145423,
2488917,
31318,959885 258509 628537 682920 193998
2091449,
1473112,
850522,2827076 2187653 183990 346018 2111438
2456156,1316226 1746898 1192101 855488 938360
653922,
784998,
227943,
1735273,
2226798,
1931888,1157523 594540 80806 1328258 1515408
2685554,784614 1687164 67256 1764519 464327
1440374,513393 705631 1916518 1386100 2809096
1535173,69374 98877 826341 2427641 1444980
1112707,
2718342,
1079945,2086181 2527850 1061943 132222 2266407
2751116,
2390671,2617956 2523701 1525271 2300176 1440030
686738,
2095767,
2357913,
653982,
2521762,975249 1979046 174891 1537957 2344023
1604259,2209425 1761310 2785917 2156009 301585
2620069,508827 2382598 1068127 2766498 1139628
2685606,2742331 2257621 1311483 1168723 383917
2135153,
490157,82041 374590 2696832 2377839 152714
1768111,2120398 1198267 194007 1364714 73367
2456244,
2980543,2276777 2392554 1426451 788648 421910
981696,2215089 2005001 1710671 656496 2292572
1080003,2298472 2139889 2516961 604591 1890743
1440459,2512000 2560978 2620827 1238099 1576126
162510,
1538769,
1833682,
229155,1461722 644082 2831615 1549050 1497762
457437,513393 689417 1879987 1328258 80806
1343269,
162529,
129765,561011 2396969 2372849 747957 647579
686822,
1145578,797894 716358 1884600 132222 2070226
1703719,
1243893,2566422 1216189 75638 478590 2668801
2521847,423044 1216277 2589328 2570159 1212340
1735418,
1473276,
162564,
1211142,
247644,1460472 1258829 1675248 1094040 734633
1964809,
490254,2487973 1032078 423013 2575890 133320
1932048,
2784020,
518617,2421285 2221194 2028380 807485 19330
2882332,688850 203014 2082511 1105432 2809811
1538847,395066 346780 2646470 1541864 552762
1339866,
2292516,
2940554,
1457969,1832855 766060 512681 436574
424748,2377776 1457839 87443 2437618 1276377
64303,
2915123,1322730 1362791 1685185 2365695 2151910
2194230,649764 2542103 51554 888224 1575270
1440567,69374 413215 1087319 604891 2304502
2652984,
2331786,815171 1506441 687716 2346954 1071167
2784064,1460472 1535068 2427641 659702 2353151
2057195,
2390854,
1637192,2215089 588358 2344827 1852965 2775103
588618,
621393,2080726 2344827 1852965 2775103 829419
1669972,69374 1010391 1058968 787780 705631
162646,
2063194,2612491 1521919 1127977 331979 2024684
119952,1702856 1940891 1101318 2578208 2532134
2784102,2360494 433180 2614683 1105094 1575517
490345,2651519 900228 2811177 82593 258509
97135,
2816880,
523123,882042 599274 2528279 1227198 354538
2849656,
2358147,1338430 2687126 993687 558044 2692961
228228,
1768329,
2390922,
2718607,594728 303307 390198 495570 1761310
2161553,
2292626,2085877 1977043 2396545 1465306 654651
1485294,332608 130881 1421619 1561891 1705213
2128792,882365 535682 2833298 1181799 258214
1780207,
2358172,1986723 224659 1152906 1527463 198050
1637278,1197175 764238 2698033 74901 1670760
1473445,1620684 1077888 1687295 2062931 1819295
2823324,1615899 520673 2449021 343732 1162004
2489259,2339141 1014741 2797996 1204286 886874
97204,
2151582,601337 120857 614525 2482970 2215089
326583,251241 1535415 1841480 154578 2061398
1997753,56945 1008639 285818 40862 1163496
1178554,
1227485,
293829,
2980807,
2522057,69792 1630369 2434515 336686 876457
2648567,2268406 1923877 921278 1698035 935760
1014733,2427641 659702 2353151 1059637 1444980
2849745,2680680 1223372 2772718 1918612 1315346
1157625,1577384 294138
1594532,
2391008,2727618 2329851 2612491 1720349 2123603
1866723,275533 2474785 1769118 825006 2311145
621541,564325 1818133 879615 2525457 251793
228326,951730 1696294 2073760 702925 2803552
2227177,
1670124,1809881 2020924 153657 2462680 1784400
2882541,
1272317,
326640,
2063356,238100 762822 2799278 1479777 268879
2948094,2262036 2446917 2577330 807096 682817
457730,
621574,1702856 98877 1016960 964121 1345401
293897,588358 119455 2783316 2504569 320001
2489362,
195604,2753877 466877 1258145 1993307 284353
1637398,
1049217,
2817050,1828224 506037 1260531 2392546 64628
195614,2532134 331979 318334 1389198 2584911
2522143,
588832,
1506340,
2265153,2541195 4770 1787091 1654448 1087366
2790577,2721595 67700 1348369 2445138 2290474
785451,839804 1445360 343696 1089876 1326509
1113132,
1178671,89869 1334071 305831 1376073 2482227
2260021,
2554936,928461 1284451 133593 678016 163242
1899580,120857 2685269 1785090 2006718 1271851
2885359,
752704,
2227269,
2030663,
883785,119455 1461748 1226763 1092702 1347275
1277005,342302 832278 183519 746557 508564
1571923,434017 1195624 2820292 2624676 1032155
2522198,755922 1161727 2523215 1622238 2429398
97375,1777465 1733919 21107 2692092 834755
1965161,2532134 2365471 1017542 2650158 2572975
2030700,1529117 1563844 1011285 709488 2671360
1604720,
261240,
2587774,
588927,1062046 2330188 157927 2305910 2341508
1866881,
884587,
2030724,
2796054,1545233 507346 1925211 24572 2148366
2063494,
1637516,537750 2090870 1782450 2805685 1405124
425103,
2948242,
1080467,
1539221,
294038,
1905860,
1965211,365574 1570575 1074780 1757762 741088
1244318,
1899684,899667 902406 1070096 1738651 1648877
2653349,
2522279,1083813 1944479 2546088 1481120 1467178
1768618,2574151 2771370 2725637 2468672 840267
2102471,
1047724,1567510 815965 1940891 2532134 704158
359602,2078851 2017893 2633688 2112276 193860
2161850,775446 336191 182576 2096236 132222
1436191,1908265 2162855 1261235 1216189 2566422
1440960,
1277121,2422646 446075 1545334 1128961 2533003
556227,
785606,2029559 2215089 331979 2487214 2005001
982219,
818381,
2129104,
1047763,
1176753,
1244381,2409432 2753877 326394 38681 278427
813605,409980 2465107 1356042 2770740 469086
2260194,1761310 760311 533323 1512759 619051
1506533,
1146086,
1408231,
2817257,2405422 910525 27992 1095293 201559
2679789,19813 349538 2465 1433595 2505997
2227436,1540852 530133 969434 53654 130593
2653422,2568579 1023332 421209 1914911 2258659
1866992,
359668,
589046,372009 356678 1138469 1044573 832778
2620663,
2587906,1968833 2211387 401208 660502 2056027
1473795,
2751748,
2293001,
1309967,
2063633,
1015058,120857 832422 129506 1479059 2145684
2653463,2333945 2690077 1349553 110701 700813
1899801,434017 1032155 2231662 225481 1334310
425244,284353 1976759 2120398 1058968 2698033
2878000,
2325797,
2719022,
2981176,
2686268,2386676 2215089 2026061 1626126 1216933
1637693,2787212 2332738 2532332 316152 2405422
1310015,
326988,1341717 2640772 770912 2814202 195056
523597,
294223,
818512,
1834321,
458068,69555 2582353 1929210 1122442 2285654
752984,561011 2396969 2372849 502082 2616385
1539984,
1993275,278589
1047909,1072428
1889815,
2817386,
1998188,
32111,
2424178,
1702141,1553677 1173448 831338 907359 1082382
1736054,
458104,1374739 99241 899038 703357 2001477
2751867,
359804,291462 302204 2197245 1815581 1912327
2194813,
2424191,2787212 2332738 2698033 1965582 498117
654721,2221547 1248908 834755 2692092 1910662
2391426,
2227588,
687494,220200 1292636 1339775 2674163 2292637
2227591,2344827 577455 759644 1746283 892232
1998217,2461223 1116384 746804 235831 2726208
687499,
2162060,
562414,130881 1421619 2756594 1561891 219607
2981272,
2882969,
228768,
64930,1815534 561248 1354895 2678466 415716
2293158,
2260391,
445161,923350 387886 1730718 2760796 1870456
1932717,
687534,2552998 1142853 1618745 1931189 2192251
2719156,
2227644,
2861642,484966 835231 357132 1949516 2680235
2462965,
2358721,69374 434017 2088312 1032155 2367222
1244610,
2391505,
327123,
2653652,
2484815,2739498 1305092 2017961 365813 758901
1572317,276880 1498628 947918 867254 1178728
490975,
490977,184542 1249136 793478 1260531 859155
1146338,410994 862232 499071 296307 1858597
2325987,2501256 1535261 1857266 1163641 1823483
2522596,1879987 1732970 2607397 2088801 2028380
2114592,226679 438736 1563211 1342054 458398
1408490,2070226 230184 1646021 303176 578856
1244653,2666554 1545735 151811 629433 1259237
556531,
1015289,2088312 2605163 1862086 456536 1732727
622076,44431 2496247 2543883 1515745 1499738
2599510,807254 1702777 2285597 1304632 1115569
2981387,2353151 25032 760311 2427641 659702
1113612,332354 146360 2769464 827359 251241
2850320,1835008 1645212 1918612 2816866 1967437
2883093,
1703453,137558 741410 2334991 2792642 2527982
2555426,1857368 63699 1061105 1695918 496520
2653731,601337 1370250 613129 2158828 1139628
2522662,2380245 690338 2029457 2427641 659702
1945469,
1408552,
1273119,187080 1843891 68452 1071592 1669392
2194989,1291238 577455 1299042 2222166 1561200
1998383,1460697 1552724 1479059 2145684 1353990
2790004,596909 2212459 640329 328433 755159
1703480,434017 1032155 2231662 277984 478590
2326076,2061398 1535261 1927458 33628 1996526
1932861,
229302,847862 2215089 490073 1317201 1130570
622156,
1565757,
786001,2744775 1474049 825857 2280352 1337030
2260564,1906942 2427641 659702 1471938 716358
1015384,
1408606,
622176,
425572,189633 1526710 2344953 114928 1299366
2686569,98877 934835 1817204 2380245 826341
2358890,
1539691,1098628 412119 2442944 212497 798560
2621037,2144083 2827076 262672 901889 1289172
654961,1062046 2193965 1256986 1586998 1852441
32371,605165 788808 1118968 2621757 762224
2955858,
1572470,56945 831728 1506339 1250447 1673004
2489975,
1703544,2729468 1745139 964121 1809151 1364714
687739,170535 368747 1162075 707779 2318247
2883201,1345401 1083410 5434 33182 1292726
720520,2753791 797964 2831580 1018200 2567
1818562,1492724 2335469 196390 1617152 506555
2388902,
1446390,69374 2798594 2574151 2556222 2144083
2981527,2349262 860567 1063561 2567 1018200
2719386,
2686620,1884600 2457201 2800343 2352526 2130582
786078,
2883235,640034 2583474 1808382 1932790 1041119
229028,
1015462,170331 401692 2150273 795733 2445350
1539754,2470411 1145021 2424193 125830 517387
655020,
2719405,
32434,
1878643,
1486108,
2784954,
1971487,668183 1372940 814139 540568 1181421
458428,320906 2285703 460074
2407022,
491211,
1834702,
949968,
98005,
1933014,2082511 1812893 2143672 671352 2738827
1965784,
2856229,
556768,
1479974,
2391783,1498107 113715 1577023 2627564 204273
1179381,
654669,1865643 1958332 294138 2377314 2046659
2522872,
753620,
884475,2595595 1234094 874109 1119494 2248682
1048316,9695 821591 1274284 705631 1543103
2135333,
2850567,
2457354,
2641618,2367869 899889 2412023 2451258 2542103
2457369,2655305 2676240 1562094 811602 1266804
2948894,
2960005,
425760,1680153 21529 2194085 2089002 2684504
687906,
2228003,
589604,1212096 2436869 151632 1570959 2053218
425765,
2359079,
2946044,954491 1164117 683621 2567352 1732031
261938,1635633 2211210 1895704 2422477 445427
1965875,575645 1464658 1418346 2509004 1998302
1703734,2160902 1200192 2014049 2584710 2644914
261944,2144429 1526451 1618745 2192251 365574
2954548,594728 303307 390198 495570 1491560
1703742,2603529 376889 1052450 89349 1638435
2293572,2674261 77341 2002920 1972214 1144357
2228039,2215089 2729468 2005001 1710671 797964
2533598,
1660216,
2293588,2552998 2685269 1785090 1016002 2006718
1769302,
2228055,
1824058,1664365 1742194 1078318 791623 2796860
2883426,2381107 2433767 1037969 2020413 339697
1900392,1588076 327368 1648453 358534 2721595
1900393,
294763,
1671023,2616491 164076 863125 1775666 505164
2719600,1754843 1130577 1818300 2215089 2005001
622451,466877 1239223 2179025 769420 2707152
2457461,
425847,
2539055,
1834875,
1638378,2277225 1269342 2726016 16514 305845
98174,
2927254,1334509 1288440 955051 1885610 2144224
1867660,2809811 1460472 354117 291222 1580637
622479,117750 1300256 2221253 33850 811763
851856,353172 2552998 1852965 2775103 2002916
2495811,
2785172,170610 1799957 776008 2505495 264994
425880,
2621337,2481932
491429,1061978 566734 596831 1022335 1487966
1671082,901493 1588076 358534 1648453 2472048
2555821,1418055 1328258 80806 2093746 578064
720814,1510740 337927 366457 1851369 2587551
360374,
2850743,
262072,1309258 2612491 318334 2408753 331979
360379,2541591 103612 725135 786300 580996
2555837,821591 1274284 2664390 2192251 918493
1179582,284353 1822613 2629858 1417177 433026
2326517,954546 1730718 2181616 555553 629724
2916301,2003050 1657686 624796 981521 920377
1310672,381857 1613670 2162417 418721 976482
2359250,797894 1535261 2787212 2249862 2144083
2721042,
2949080,
1343451,
615396,
688094,2429451 2019622 2329357 2774876 1907618
688100,2405193 1241533 2173367 826297 895321
2610513,
2785257,
2326506,644082 623006 1160706 2099273 1877427
884715,
1441773,
98287,2503552 7712 1785310 119267 2180371
1769459,
2523125,
229370,
1540093,
